4009	104
7785	61
1097	483
1015	1108
1843	656
4444	1293
8105	1108
7573	625
7856	1170
2852	134
6559	976
4005	106
4369	266
5875	948
5530	566
4336	1093
6005	292
3114	666
4319	862
389	1221
127	405
1837	1194
4861	1126
4786	1196
6579	108
5593	1228
6713	767
3590	275
2524	1019
3894	1158
6308	896
6764	782
4101	783
4828	33
7654	75
47	373
8041	182
2068	104
3338	683
542	528
5324	813
157	799
6332	1106
6338	725
3065	531
5564	1287
3123	81
628	404
4486	866
1711	389
1238	784
1849	160
6380	340
3061	27
1875	222
1538	450
1013	784
3626	289
2641	926
8198	1147
4062	337
4811	33
7682	150
97	39
5832	1086
7927	266
4544	287
17	216
8239	196
2900	146
6202	1180
27	87
6613	526
8118	377
1212	909
4783	1157
3605	141
5022	450
6170	301
8019	1032
7704	1142
6715	799
1684	1163
5635	94
2350	783
8487	856
5178	316
6350	754
8127	642
3139	196
1041	189
410	321
7194	281
3199	363
8318	535
8414	87
1852	291
3345	1035
4480	174
2499	783
8369	87
3748	959
5466	1198
8366	370
4167	353
3671	144
8664	822
5500	448
7700	266
1866	676
3381	933
6659	734
3953	862
8457	923
2556	1268
7967	116
4600	516
7823	842
7587	625
472	823
7006	625
2984	36
3939	1288
346	781
6636	256
7585	174
8596	1095
3169	286
853	1322
8690	328
2532	1119
4996	783
1484	913
4286	194
6067	1201
5452	61
2076	134
4525	135
688	612
30	1061
5447	240
4304	469
4346	1142
230	292
1904	520
614	1116
2826	338
3343	716
1223	720
1144	610
5327	1130
8467	495
3554	991
1813	39
2667	413
3265	681
3047	1118
3411	289
5118	1061
7522	1131
7462	962
8286	11
5158	1195
4877	195
3293	959
4863	755
4039	340
4531	89
8033	289
3290	681
2107	929
6552	926
3717	1227
8345	470
4932	321
6742	1100
7218	1247
3200	133
6877	934
3687	61
5396	404
3602	348
4464	495
522	909
1857	994
1808	1093
2883	846
4401	725
1725	449
2047	994
1814	994
8643	854
4798	926
6473	1324
4635	712
5984	467
4402	275
2137	375
1516	1061
8092	36
8627	181
8391	638
2545	754
2456	1271
5820	242
2725	33
1642	783
4076	793
4739	281
3686	909
8506	644
5538	1089
1999	612
2912	538
3775	1238
8655	248
2517	920
324	151
1940	61
2655	224
2053	601
295	266
4386	1060
5649	981
4611	670
4140	124
4013	1136
6621	137
7657	770
7838	1216
1859	1130
5655	919
6673	1179
4213	688
3947	1227
8089	490
6923	415
3796	631
7474	103
7932	773
911	135
4272	286
3558	1126
7718	654
1048	79
3512	158
4482	127
1077	257
2312	1173
5849	262
7537	675
6357	195
5053	842
7655	680
3143	1200
1098	495
5822	275
4200	799
3851	161
3492	823
6940	1188
2155	1003
514	323
2207	731
7630	734
5110	301
3863	433
2275	799
2620	1226
2150	792
8466	932
8529	320
1045	921
654	779
6086	104
140	296
443	228
6610	553
3527	873
4056	438
4242	929
7740	673
6163	820
858	941
3975	933
6953	370
2516	144
7541	133
3088	957
2541	1302
8287	61
4843	536
948	948
3735	653
1229	1037
6329	229
1148	929
1968	1030
5086	516
2365	903
7332	545
7197	425
558	395
8580	1168
4221	605
6787	266
7315	431
1263	404
7440	154
1611	1215
5100	644
1799	1098
1658	46
1320	991
7571	359
3820	845
6775	658
7532	817
7995	1130
3379	1005
551	464
8116	574
7752	488
2531	1036
3435	746
1559	184
7901	1130
6079	846
2151	370
7414	1033
2295	1254
6073	308
3545	1177
1012	1283
4058	616
7656	1093
5064	89
7678	649
6268	21
4103	1058
5497	536
5729	813
8197	909
8202	984
2927	27
2235	1272
3641	355
2073	490
7319	820
7907	932
2218	44
2734	994
7277	280
418	1142
7734	281
6937	615
3858	843
3115	601
5520	1311
6130	628
4856	386
4420	685
6905	1227
5856	1093
7461	281
5818	877
5116	447
6941	843
6815	305
4098	856
1306	629
3535	375
390	281
7528	681
2729	660
5373	376
2568	614
7625	131
5491	948
2427	1058
3966	574
1851	310
5235	565
352	331
2323	1004
6508	1035
6804	375
6255	266
4944	737
7246	141
6180	166
3833	638
4642	142
7145	240
6219	598
2249	82
5334	281
3912	104
8080	674
241	948
7041	321
4384	971
6412	320
4143	647
1690	1033
5050	133
7235	362
8165	725
154	193
8654	281
5869	1179
8503	782
4709	38
1135	1041
3470	281
6672	103
249	1008
552	611
2494	296
4207	148
8498	565
768	569
1683	371
5865	404
6446	610
102	969
2178	1208
1505	607
8153	899
2688	626
2800	519
3653	569
2478	142
3398	790
4457	1097
1237	116
6915	1192
7258	1039
3130	182
1649	1163
2914	976
7402	815
3126	680
7830	362
3986	489
5811	893
6646	275
2699	430
4164	266
8606	1287
5989	680
1372	1213
8133	754
4622	228
7034	776
5983	677
5641	29
735	845
2977	761
6661	339
4169	1062
8334	370
2263	430
2072	281
8017	154
7238	724
1549	843
2367	211
935	1069
3237	630
1404	1224
4173	793
2999	47
5926	850
4905	440
3774	536
8562	322
6860	678
6995	340
5133	550
864	1299
4171	124
2589	888
7368	610
7831	651
3845	572
961	1139
1971	181
4125	299
5337	1161
3724	710
6744	475
1822	75
2083	849
8319	316
2165	962
666	1162
5751	1198
7644	1059
7921	275
7479	899
484	1313
8400	255
4020	1199
6900	193
70	569
3315	334
4473	1123
4123	981
2093	839
7517	734
2593	1227
8272	281
5604	933
912	722
5031	620
4255	856
3332	713
5007	1127
302	1119
3746	148
7790	130
6179	33
7646	963
51	630
3552	1103
4677	195
7444	741
4475	536
1528	654
6319	31
4276	135
664	1109
1643	970
6089	392
7283	845
7071	362
559	1119
7441	634
5686	775
5913	1267
973	720
5326	404
2867	0
1587	820
7154	415
7488	296
5344	460
4890	1179
3198	281
1714	40
3922	1035
7703	958
7199	320
3560	172
1966	751
2065	378
6013	626
1886	644
7974	574
5714	565
7690	635
5299	140
6913	1201
1726	600
7128	1319
2352	476
6797	1098
2002	822
7359	969
8402	1179
7758	913
5307	81
4224	610
805	453
2865	525
5526	644
6035	1118
5935	675
6513	276
2158	258
5103	153
3260	181
7834	310
5155	89
4746	1249
3489	404
6575	1225
4109	448
3380	447
3899	438
306	1238
1925	161
8396	901
4972	322
3215	67
1241	181
8008	39
6793	502
5738	812
3484	410
3058	962
1219	1231
609	680
1688	660
1767	1119
2772	531
6369	800
231	32
25	266
7106	266
6138	1298
3073	91
1652	848
3818	13
560	359
1984	1052
180	706
6624	1288
4300	953
2677	591
4694	339
671	321
4645	404
4921	1043
327	105
3961	1185
478	601
7759	986
1607	357
4770	733
5663	591
3528	148
5164	1266
1897	453
2603	675
8067	276
5102	156
5694	1300
2441	948
331	1109
1698	413
3098	488
4151	1124
7961	652
5814	536
234	495
7602	106
7323	387
3513	36
4259	300
5108	450
2878	441
2013	135
4027	79
4617	1065
3165	1093
3463	1134
5937	436
7492	115
2328	1001
5276	1064
1427	962
4426	566
716	490
5727	490
4378	1195
2243	289
7327	398
6650	1238
8348	764
7043	135
5603	1058
555	770
3711	1157
5971	1321
5749	665
512	448
8405	1170
6231	994
4760	748
1959	423
1770	534
993	104
6489	314
7050	856
6587	1256
1827	368
4583	736
974	983
5809	336
659	948
6159	263
1889	861
7936	962
1621	1152
2659	473
5542	344
7910	1165
245	286
7562	1130
5994	622
7815	620
3826	436
8575	782
4449	823
5977	181
1589	1030
6928	1046
6563	154
4602	266
6173	181
8018	241
2188	195
1428	784
1503	1314
8673	846
6131	404
6119	1065
4629	588
6938	1033
4683	1201
2520	364
4703	158
7650	631
4815	694
4852	478
1333	277
6197	679
441	700
1676	1223
3732	185
7962	701
4904	483
1224	287
2623	644
3490	782
2895	754
3831	353
6404	450
6571	1315
582	1122
797	404
2121	817
4348	156
7966	320
8043	960
5850	518
7164	828
2114	780
1789	731
7015	229
4817	775
7228	1102
6126	1192
5059	1143
6760	356
8477	366
1489	725
3569	1189
976	749
6539	343
4203	61
3407	33
4656	1171
2450	719
3636	195
8243	976
5637	158
1980	1105
3412	195
5917	1192
7206	460
4036	21
2877	937
6333	307
5498	32
4558	623
3825	477
884	1244
5233	1313
3176	369
1863	853
50	1315
7350	1268
4559	1168
6516	13
6557	370
5353	331
1174	637
2518	404
2088	69
7407	404
1350	81
2015	292
5864	663
1805	23
3467	545
11	47
4130	131
1294	853
3739	134
4012	1232
3333	316
3642	859
1638	420
5572	892
2335	951
4997	1324
5474	561
8577	536
5310	446
1434	141
6142	1212
7107	1244
2033	536
4110	306
504	1170
7828	129
867	44
5521	1108
253	614
3054	775
1867	536
2797	722
2404	957
4618	958
3177	822
2810	413
8299	283
6334	591
6641	653
2195	909
7027	970
4918	349
2375	1119
4684	1238
2399	963
1832	652
7170	32
8012	417
1565	702
3057	1282
8432	273
5317	574
5026	310
746	669
6888	384
7249	1034
5997	1106
6400	376
878	1002
5068	141
2057	970
4661	700
8437	465
5410	1065
3838	890
8270	948
481	746
3326	520
1989	531
648	691
6196	896
5194	581
7366	196
4429	1194
8662	783
6987	705
6352	448
540	625
8394	962
4991	755
7728	143
6607	503
4223	653
7263	430
118	377
4911	438
2064	32
7732	368
7769	151
7058	668
6535	942
7013	491
8379	1244
2737	135
3522	409
3191	1295
9	924
1692	382
4736	503
7025	761
5601	86
752	1238
3611	70
6191	953
2925	210
4156	1109
6124	577
7482	113
3754	134
3791	135
1608	176
7280	784
6424	1070
7876	982
6164	975
5892	1189
2869	808
7491	275
3301	1244
1893	228
744	321
6653	1179
8509	358
7598	378
339	1043
8222	47
5504	554
2433	448
7452	842
4209	1238
7047	118
6711	1024
1073	764
7607	889
510	33
6414	648
1052	432
712	1043
954	589
1433	641
6718	404
3437	145
2075	516
5154	735
2866	495
1895	1274
1910	1286
6605	409
4714	905
2723	550
4146	530
1783	849
533	320
603	106
2540	1057
2471	783
1113	1102
5213	450
3207	153
3756	422
4331	738
8145	443
3779	264
7450	405
5708	228
8214	181
1824	189
8060	292
6341	1034
3669	274
5364	129
6908	1126
8488	761
357	775
5371	354
6474	1156
3882	977
3744	172
363	677
1775	973
5408	185
3903	1033
6096	887
8154	1071
62	849
5210	179
7005	370
4308	697
956	659
1860	206
6832	1312
252	189
4680	909
3104	70
2126	204
7470	1085
4723	808
1550	818
3913	554
5878	237
1403	266
5535	458
1901	430
4749	699
4497	27
3729	283
6094	117
1462	496
2097	754
3396	1002
4137	1093
4650	104
8267	367
7857	429
1368	276
7702	813
3276	27
4565	776
6570	172
5318	192
2230	384
1951	272
1140	281
6943	336
8353	634
1201	169
3303	746
4900	981
6401	1123
4848	266
5037	694
2955	27
1016	846
8048	1037
1579	295
8177	306
6767	610
1448	1284
4375	612
5149	1147
4182	614
5797	755
445	149
3875	119
728	240
6375	404
2504	42
1985	1315
6144	1287
5170	1033
2724	43
2016	495
1530	1119
4181	300
3495	92
4487	123
359	39
3460	352
4111	134
2939	1203
6246	754
8278	196
6517	81
7668	281
3716	130
8224	1253
6818	503
3617	33
921	644
2278	104
1753	448
4100	1061
6302	422
2558	1151
4698	404
8241	274
8005	274
1342	644
7411	123
3304	817
4793	1066
5640	1308
8344	378
8495	199
6383	1250
2280	403
1915	1064
5888	483
7340	1127
3728	799
5387	1049
7278	512
6288	494
7121	861
6237	312
251	790
5455	1120
3861	859
6019	329
2529	1111
114	231
1440	79
396	721
3329	435
5980	614
8036	612
7976	277
8311	442
1475	653
1287	1049
5311	886
8097	286
3468	328
1216	1159
6879	908
8010	842
2120	1130
1819	144
6188	1059
6358	507
5173	735
6821	755
82	853
4605	853
7626	857
2522	196
104	61
1018	623
7032	1194
5077	294
1675	1088
1400	95
6939	1150
6017	845
2184	700
7514	581
8191	1126
3803	1322
6139	1061
5967	1227
2631	127
404	66
4243	271
6044	836
8176	691
5182	292
8132	368
7779	368
6298	1109
5380	969
898	676
1446	328
5483	1179
8406	902
2112	926
3629	289
3553	1004
4547	1033
3504	281
8685	632
1282	1215
8053	310
1495	667
5652	422
7751	140
7456	1211
6025	450
4218	661
7588	922
5316	212
6757	1118
5819	970
4781	869
5015	47
6345	889
4562	775
5914	1128
586	375
7971	425
434	415
453	751
6702	115
2173	761
8484	321
3286	517
8294	648
7501	320
4054	450
5636	422
917	858
7413	1157
945	140
5978	634
1214	289
7141	1161
5397	166
7455	489
6157	82
5187	652
7176	878
163	1195
676	860
8284	970
3367	638
1650	404
4409	466
5646	761
4018	746
8000	755
5067	403
2825	489
3120	371
1354	1241
2830	1168
6984	61
2990	928
5269	449
3538	379
6485	77
371	51
8186	1249
1961	123
4488	13
2577	1157
3154	1088
1853	128
6592	473
4977	1006
5016	1116
5342	1096
5632	1322
3357	1313
725	33
1636	409
5911	1054
4674	846
3210	1210
5415	211
3974	653
4735	294
424	1108
2023	407
3328	158
2973	680
3971	370
8329	392
7610	196
7554	899
2341	1238
3324	377
7432	140
1885	142
4777	1231
354	126
2988	237
3992	33
7087	647
5034	795
8237	1065
3689	89
8042	355
71	72
1416	195
3523	1037
7290	801
8364	118
430	389
7991	737
4724	414
6273	662
2265	644
7275	1185
7313	192
4495	379
6118	843
6056	1001
80	1170
5846	280
7798	964
818	1118
964	63
5463	140
108	842
4357	500
485	1190
1151	609
7044	315
6591	612
3181	1116
1312	1108
4398	438
2527	370
6656	282
2739	144
64	374
6110	1275
5384	474
8659	671
1291	104
4567	1037
1296	181
3709	1168
6681	776
450	1180
5574	689
7083	1106
7443	725
6782	447
7597	980
2489	707
5861	1132
1997	36
7465	323
2366	275
1810	116
5717	33
4685	340
3110	322
6423	795
6954	1212
3013	1300
4270	1228
1003	240
2324	100
8497	642
6966	165
8141	751
5478	933
1363	1014
8565	746
4091	291
42	1201
4338	799
7868	820
1655	562
7738	1267
6088	575
384	540
649	323
35	1165
650	1143
8563	1033
2926	490
3672	521
796	144
5602	701
3562	741
1411	1130
1527	1170
5642	1205
5882	823
6628	1082
5453	1314
1449	140
4073	749
509	770
4894	127
5232	612
743	318
3461	933
2685	846
7729	281
6786	524
433	1205
5263	1215
2998	823
7516	414
579	1166
8524	447
730	275
1906	140
2099	635
4315	1127
4500	238
8652	320
643	379
8245	404
7057	701
6994	855
4538	21
7918	1319
2665	948
6989	320
4424	422
1319	647
2139	747
1898	1238
8395	1326
2372	614
7282	130
7839	293
4303	482
7552	846
3242	1168
6674	253
4393	539
7596	959
4229	1303
2206	527
3677	1052
5664	328
12	853
1879	976
859	553
2843	625
2493	625
6074	390
1222	173
874	281
8462	664
4712	850
4327	1022
452	683
2621	644
3441	275
4585	870
3570	288
1696	33
5492	964
3860	1163
1460	370
1161	1059
7615	1244
4107	328
2379	539
6232	614
3783	281
8340	60
5041	375
606	800
4190	831
6798	604
121	237
6105	615
4502	271
958	450
7623	480
6864	1057
5756	1079
3817	104
117	1018
1981	536
7463	932
7132	319
6381	1157
40	90
3025	508
7008	49
2148	1213
54	144
3277	417
1561	1323
1572	450
1364	940
3121	737
5724	482
6925	273
1720	1284
870	1019
8028	754
169	369
5910	348
3390	141
1978	112
7081	490
2208	887
2827	1147
1481	272
5539	750
4985	450
3544	79
5550	371
824	460
3540	511
1405	632
6699	610
4456	679
6421	891
8528	192
1107	963
223	434
1562	281
2354	153
3987	849
1541	1010
6703	448
5627	1093
8631	470
189	720
6533	400
7665	1045
2755	1201
6441	20
5072	831
5713	921
2907	601
794	266
5554	1208
6675	141
8158	221
4520	1109
7079	1287
7153	614
7873	323
4638	621
1181	89
1360	79
3956	483
3010	1202
6449	370
6199	140
7955	336
4987	948
602	322
5381	281
2011	684
5883	327
4064	595
5362	446
1388	438
3299	776
851	870
2796	450
110	783
6090	378
6595	983
5844	1005
5419	404
4227	543
1868	21
8581	600
96	1127
1351	1090
5862	277
1168	280
358	241
4248	138
7500	963
2537	855
5886	620
6066	1215
7064	21
43	1224
5702	277
6349	1197
3708	1211
1091	998
2910	467
6010	782
6331	438
8688	991
4199	598
1380	381
6714	1143
8590	660
578	1106
8107	467
6945	32
4282	33
6660	667
947	1049
3190	797
2214	145
5770	176
7636	148
1907	1039
7351	306
2892	1238
5423	852
5169	191
1466	112
1047	787
4938	195
3100	1185
7133	759
7847	813
1563	61
4234	933
4916	817
3144	1194
8301	85
4017	842
8511	849
6902	266
5218	101
8104	1297
7425	928
2271	927
3466	695
4187	612
5776	89
7842	100
4345	47
5775	845
2608	545
5336	439
7355	266
8	668
6884	1287
7946	144
6963	623
1442	1119
3283	210
2587	321
5767	492
3577	855
6611	1124
7038	733
1117	538
5622	475
6792	77
705	310
3032	419
8508	912
7658	321
4529	1065
4881	281
6626	404
756	856
1628	1007
4652	611
6109	141
6499	854
5854	370
132	1225
955	856
3116	988
7628	828
4722	1283
2172	118
7581	328
5553	1163
5988	323
7776	608
1935	691
1022	1132
5932	591
5236	1157
3432	981
4851	625
126	450
1663	409
5843	373
8430	327
8500	277
3983	320
1165	926
8442	554
2509	413
7257	532
3373	507
5377	1227
69	340
3734	323
5993	490
2268	87
2463	127
5001	960
8383	615
5295	519
4148	138
8682	607
4720	1130
7616	519
8276	123
6652	1201
6161	1105
2407	1185
1862	965
1795	196
7875	409
2351	141
3384	1098
6224	776
6920	984
7569	1189
6050	1115
2807	133
7061	653
4761	751
3400	1154
2853	1071
3648	221
4753	142
4089	700
277	124
7745	970
2846	26
1324	173
8218	301
5629	843
4801	153
1273	271
2374	1241
4678	1037
6406	1274
937	563
7227	431
6581	266
3619	775
2238	44
1630	277
5689	516
1796	33
7999	962
8597	1054
4762	806
398	856
8355	404
257	799
1924	1049
5135	259
2693	1189
7093	489
7125	272
2219	328
2746	644
6221	623
4545	218
1664	1170
518	624
268	320
5925	357
432	256
4057	117
7954	1079
1235	614
423	1142
3690	853
4752	1162
5283	157
99	1191
1087	1081
6507	612
2034	450
1504	1217
3321	793
1193	121
2492	166
2500	600
8381	304
3240	855
2701	1037
5436	378
88	87
6494	746
3574	79
4264	1277
2917	27
2716	53
3606	858
1730	285
2315	614
5071	1002
7172	1262
6914	1168
2074	680
5734	586
7544	1042
66	431
5	335
8082	324
7518	166
4692	987
190	764
934	638
1358	682
463	991
7337	887
4070	622
3219	33
527	981
2611	1004
5787	1249
7438	1161
1899	135
760	915
8281	976
5825	331
7529	507
6097	153
6405	1288
1568	196
4829	1227
83	1213
6337	703
1080	968
8491	256
4992	1275
6343	320
2911	942
2039	846
4875	850
7299	622
5615	546
1759	201
7010	1179
8227	942
198	552
7778	468
883	266
3382	217
2814	1180
5807	403
1602	637
4262	818
4198	375
6780	44
8263	55
2381	1179
3828	1211
2768	1111
2432	306
5621	1164
7777	404
5929	989
1816	694
8233	782
5198	130
4289	1035
5412	1290
7845	404
3001	513
6471	1097
131	289
1037	100
2436	353
7212	536
4860	861
7358	311
3777	823
3428	1064
8320	1124
3982	340
6018	1227
8530	1179
2157	1198
3361	1113
3030	1124
3026	799
5831	671
6312	400
3821	229
5800	531
74	144
3991	61
1990	166
3896	123
2143	589
4206	447
192	970
5418	75
1776	1039
1844	991
7536	100
7520	441
2992	423
1116	1223
1782	1156
1217	610
5506	195
1	1039
8253	405
3931	1016
1339	619
4708	323
233	482
5481	1241
2965	1185
7233	1037
865	510
3464	630
3995	620
5679	1037
3703	357
1355	782
5560	81
2054	1170
2885	764
686	746
1557	294
1668	357
6776	560
963	1030
2624	320
5885	359
6386	638
660	370
3494	1130
8117	662
6973	281
8062	1143
1812	670
1125	583
5817	691
4170	623
7375	724
7328	290
5156	823
8013	775
6325	370
3824	1086
1070	144
6658	789
4406	456
5516	1050
4572	503
7784	327
2387	680
4834	464
2629	552
5596	166
1493	895
113	887
4374	140
2237	1108
521	33
3526	1031
7078	679
8002	994
1903	414
5808	1046
984	1098
5266	1322
7772	68
1131	964
160	166
3270	42
7169	346
92	240
5215	184
6215	323
4580	845
8371	276
7519	674
1635	1138
2358	1059
8604	96
3252	392
3075	657
3457	166
6122	1165
7548	60
3482	372
6733	134
6964	85
2567	794
5707	291
5010	506
2872	614
6820	142
2538	413
6297	662
388	504
6398	328
888	327
3040	276
1371	490
8201	1163
2969	283
7014	748
2135	968
6468	926
5513	1225
4317	1038
1042	1254
1873	306
2284	899
3041	355
7908	1181
7570	417
227	574
734	55
2899	190
8633	784
4372	920
2836	843
165	412
6155	331
1429	446
5002	693
36	1138
908	328
5705	843
120	301
2067	746
3156	404
4909	854
691	1126
4833	970
3254	1170
5440	963
8142	1170
7996	786
1945	1203
4676	195
2732	583
8674	1119
4258	443
2028	1142
1138	514
6861	1201
5335	1288
7378	928
8689	850
926	782
5378	909
2506	910
992	414
8412	1242
7553	747
5951	307
3485	733
4296	1158
6117	675
5566	89
593	734
5227	1093
4982	89
8660	304
1920	1057
2949	795
936	1292
6430	1106
7611	379
1422	181
7642	163
8303	80
2032	873
4766	759
7148	167
4569	783
4068	354
3864	845
8044	600
8157	1242
279	378
4361	519
850	87
6623	447
5848	370
4787	994
6314	195
52	1157
4670	104
4610	227
2760	429
6242	700
364	1033
3755	963
5265	722
8436	691
1295	404
5268	976
4790	611
2070	998
809	357
228	375
1257	970
979	1179
6192	480
6063	1143
204	1033
4271	951
8433	332
3928	1243
2632	783
2934	276
4505	139
2482	675
7843	158
8560	706
4896	1002
3068	442
6779	680
3811	856
4550	404
2125	672
4355	574
5488	882
1919	842
4376	353
4742	450
2790	404
1900	855
1542	855
7334	294
3977	799
1724	845
5867	600
966	865
6553	979
704	276
2201	359
3812	370
662	490
718	545
7467	854
4530	81
7049	1253
6643	855
3289	1168
2566	175
3700	988
3243	447
8120	396
903	929
4999	734
4865	960
3595	720
5781	61
4802	306
7648	74
1876	755
1718	320
3934	321
2044	373
1094	1280
8143	1069
3269	516
6770	266
2691	623
8336	1274
2422	371
6854	988
4166	652
7289	536
116	632
5162	1282
777	447
4981	478
5595	79
4222	1198
1629	720
3964	1102
831	173
3118	452
2871	1079
7162	1135
8588	948
683	962
1488	1266
2425	1309
4508	370
7360	1208
323	310
1928	823
8290	855
1336	610
7817	754
6640	842
6784	229
3798	183
2741	413
6296	245
1534	722
5906	1068
3688	1118
7912	203
5357	810
6737	516
4854	277
3722	517
3862	1071
4608	375
1451	938
1408	612
8073	469
942	1071
2849	260
2752	963
2329	1273
8274	855
128	1205
4855	106
1298	1119
1869	217
1779	560
2890	1301
5852	537
3066	968
4126	612
7135	783
8517	310
5661	321
187	1197
1888	61
6416	1015
8174	640
3078	1193
5430	928
3620	859
2394	35
6077	1309
1645	304
3449	93
6811	281
311	1216
722	1313
2007	887
591	1198
134	47
4445	524
618	377
640	716
1026	958
3033	775
7393	784
3521	597
7892	391
2954	1163
920	40
2584	933
2543	610
2695	287
77	614
7622	404
2304	569
3070	100
7216	1232
2868	274
6472	307
2305	612
7756	845
2700	729
1067	866
2804	722
7988	602
7237	1116
1124	1137
6679	538
1464	1197
3012	667
733	279
6819	202
7750	280
4846	281
4184	413
1055	1035
6625	1135
4043	97
1008	277
278	181
5512	1002
7379	1180
3472	1213
7951	466
1914	797
182	126
4971	115
6026	340
3900	549
8065	892
3508	1
8630	273
7659	22
1268	928
3657	1217
7686	623
1009	438
3632	941
4872	1130
6618	212
8522	1105
7787	73
1613	533
3039	562
1204	1157
5628	1119
5764	182
1691	813
4693	760
6150	1213
6889	1313
8639	43
813	775
1509	983
3848	1116
8542	61
3249	946
549	1238
6721	1099
4432	1090
477	784
4644	972
2515	1126
7371	1198
8619	1277
6080	450
3652	1268
3238	692
1586	948
3455	1118
1435	106
988	1288
6082	845
3422	1232
6291	443
1700	986
6632	286
8608	396
7614	799
2413	583
3096	181
2817	1132
3474	1113
3589	1225
931	116
6365	190
4453	667
338	1309
2660	1201
4078	391
181	21
6115	961
3761	784
5571	249
2654	141
3575	404
8204	1244
2059	1049
6816	289
8398	29
6600	61
4915	887
1392	1164
5740	524
2049	722
1370	359
2424	822
5019	391
2636	275
2581	760
6095	355
3109	1244
5547	1198
7707	764
817	925
5395	814
8184	1200
4417	405
6409	69
177	1253
3670	751
636	84
941	859
468	538
5562	933
7286	775
4827	404
5114	1201
3404	713
8063	536
81	172
5783	645
4535	843
2415	402
8115	1151
3142	153
3810	535
4459	673
2786	215
2360	889
7835	436
3867	696
4769	783
8448	1032
1423	75
6486	909
3256	657
4321	79
821	272
4150	964
8612	973
1163	1189
2291	513
3226	274
426	373
3161	104
2761	734
5285	447
1248	21
4937	409
2012	1177
3873	925
8196	1268
2555	1115
6502	1037
1367	536
3245	614
7712	190
5996	438
1545	696
7632	411
5789	775
5785	450
6223	1102
3646	38
210	174
855	991
316	845
4660	202
8262	452
695	210
2715	281
8392	1106
1894	196
3231	612
1439	644
7183	359
5450	725
2906	281
5004	134
7906	1130
5167	140
2812	517
2102	1178
4840	912
476	1221
4163	1034
2908	681
8093	564
8571	787
5620	680
8501	1005
1398	1045
4281	434
4586	1143
6091	1042
2777	638
4959	140
464	963
1441	164
3498	500
6976	1033
8255	1177
6894	33
7404	755
148	637
6335	1234
3854	662
8385	842
5588	1189
3020	518
4697	660
7326	259
348	411
5514	130
1175	959
537	621
8254	860
1986	450
4352	981
5991	473
7191	431
5718	854
6750	1162
5027	1144
5160	481
4688	374
5202	1089
7499	823
4799	761
5375	33
373	969
8134	584
953	795
925	738
2050	93
1771	832
1594	606
1417	1014
6751	717
4463	455
3105	855
2811	483
5287	106
8583	754
8098	140
5982	300
5923	204
8094	422
7513	281
5912	90
8029	757
6496	845
1271	855
7837	43
3616	755
5779	1079
220	1266
1973	328
1739	785
1609	842
2014	680
4390	184
4	1107
4071	178
7208	614
5048	46
1987	127
4947	675
7261	128
4180	287
1922	289
4765	510
8507	1201
4416	1244
239	986
1669	801
7841	1170
3451	33
5126	843
2749	57
4912	787
7820	404
2945	1093
5548	1095
7764	679
3248	1162
5076	450
1430	422
8291	49
5725	553
4245	427
6520	855
619	104
3475	106
7564	960
4620	636
3213	779
2782	674
7515	61
5815	1313
382	278
1155	1250
4976	1183
3715	93
3887	823
6267	920
2862	679
4186	1093
2153	1189
1596	371
4430	1035
4291	266
8314	55
7705	852
4917	1238
1458	323
5680	176
3965	759
1005	612
5964	829
6113	327
914	218
7792	1009
4908	420
1874	1130
3106	1017
8122	356
39	788
7171	195
517	176
7567	631
2686	636
1133	392
5252	1068
6147	505
7801	140
7851	189
6850	331
7666	415
7561	919
4775	817
525	195
2718	855
6426	734
6230	15
6000	1170
1811	983
6286	682
7485	499
1062	450
1575	61
2094	887
6573	1060
4695	1148
986	842
1518	1158
2353	319
3598	134
1995	989
8128	925
4873	926
3850	1119
8173	861
841	1120
4527	39
8469	1244
5584	306
5618	86
4268	725
2646	431
1085	807
4868	500
6901	1056
644	158
8525	911
4230	450
431	102
713	759
8324	44
2530	1109
5773	1201
6433	204
2628	1168
5973	822
6899	673
7001	623
2580	447
2187	404
2444	1319
6639	123
2344	127
8215	495
3024	545
6294	87
1672	1249
2733	991
4667	1013
8144	331
291	1162
34	1161
913	1201
5144	454
8552	1096
138	663
8653	196
6807	1127
3178	1324
2256	447
6269	321
7394	1276
2937	680
1697	29
7458	450
6189	710
6534	644
4277	256
5058	843
3954	754
6768	470
4257	601
5313	9
2491	174
2228	466
6253	498
7904	454
402	1281
442	1177
3681	158
6002	170
702	327
1880	753
61	852
3584	282
833	731
5345	906
4954	306
737	400
5968	500
3137	571
3967	1271
812	0
2644	366
7098	1098
7972	948
6272	281
928	680
3365	404
1252	983
4612	747
840	1213
6451	166
7004	1098
4607	538
5922	288
4643	321
386	81
2440	411
3759	1066
7357	1207
3281	901
8683	228
4970	912
2026	164
7007	757
5189	1037
3192	682
3673	958
7113	33
6862	620
5660	1090
350	1305
3807	624
7591	379
2438	378
2393	764
8327	409
2202	1258
995	123
7874	1205
2156	612
5289	33
2000	159
3579	564
2762	39
8240	80
3122	1089
2262	157
483	87
3427	1198
4651	279
6567	450
2129	321
1620	279
5794	373
8182	104
7994	1255
7012	675
4318	507
6274	141
6039	141
4149	465
500	436
209	1049
2805	93
8100	823
3217	693
5065	774
5774	755
4193	854
4615	404
6307	184
7217	448
1647	567
494	1317
990	142
8434	816
5940	986
3731	1013
3171	375
8419	939
6724	140
765	202
6134	986
4477	21
4466	123
2377	283
5487	397
8256	375
5000	1227
4903	65
55	990
6023	150
211	1314
3518	320
897	322
429	492
5942	926
347	275
4812	1022
1786	1238
5683	1221
8490	489
1322	1142
4504	846
7205	1124
5827	614
462	1099
5105	450
1777	204
1130	759
720	275
6865	1139
119	351
5256	448
6895	1094
2286	747
5986	1198
4771	855
7003	846
6602	266
6596	1255
6594	691
5682	385
1482	266
5970	507
7620	1130
487	281
1261	1313
2342	1130
4929	78
5129	1227
6321	340
206	130
8441	438
4154	1042
3997	503
1507	590
1129	1059
2382	72
8219	623
5325	1020
2378	1283
7893	1179
3607	47
7151	212
3943	321
2105	638
8091	691
4596	855
6831	275
5903	887
4936	1201
1473	211
6107	658
939	719
3549	177
4252	1037
6960	933
1829	884
6101	404
4425	271
308	1135
18	856
3547	467
2820	137
724	64
6716	1109
1381	1098
8648	680
1871	828
8282	89
2308	379
6680	941
6898	1208
8112	519
2018	1213
7304	371
6572	458
8293	320
6277	612
8365	850
3350	183
6671	408
6514	519
5778	195
299	39
5766	301
7294	166
5855	630
4047	1295
6385	1117
1733	1287
8566	130
2134	345
2361	166
215	1036
3037	438
4484	1071
5095	1036
5473	536
7708	450
807	1306
2472	984
4795	49
5762	978
3908	1293
3201	378
6047	1030
3548	1249
3479	545
4023	623
3132	1036
105	1118
236	289
6062	269
124	329
1891	783
6781	361
7134	361
2041	633
422	289
353	266
2622	679
1936	1290
6585	797
2198	139
8057	399
626	56
6206	767
2217	415
2738	405
3175	52
5413	612
3592	991
6103	33
1455	969
2376	636
2513	795
8449	765
894	100
5257	110
1955	145
2475	231
1254	1254
7942	410
4690	87
721	486
6749	321
8569	1100
3984	40
5199	846
706	442
4254	437
3631	726
6284	928
2564	686
8578	292
788	450
2994	7
1056	552
6564	336
7147	761
4215	977
5947	734
1121	1038
5389	360
4601	310
2124	746
5131	195
162	404
2406	1147
605	396
6986	546
2789	296
4478	764
2929	747
2605	130
7271	529
4920	250
3268	281
5583	404
4842	856
5953	784
8285	854
7374	1151
4196	933
3680	113
801	1117
4493	928
4672	535
6505	833
8572	736
8052	1036
3635	572
892	632
5280	265
8297	125
5495	623
224	970
6099	889
2680	141
4413	610
1269	1058
6529	1321
4431	882
7755	141
2979	1241
2222	1035
6677	609
2373	438
6503	948
7671	882
5517	861
5308	380
2521	1139
508	1142
3383	1125
726	1030
2098	679
1200	1287
6493	454
742	87
5368	870
7855	321
5297	1092
326	420
486	1201
4367	942
4121	293
8641	855
5171	337
7096	612
5908	381
6262	316
1076	928
6001	545
3077	1203
5238	614
1000	406
4526	887
205	277
2417	215
4754	504
6988	1059
3081	823
3305	34
4984	719
4349	694
3769	306
4366	959
1994	852
2419	894
7968	936
3196	1086
4104	1185
1046	101
4533	1298
4153	92
1892	1299
6576	1088
5752	725
8225	104
6612	306
1196	646
3009	776
2269	301
4472	141
6814	912
2787	464
3510	38
6906	363
1804	301
283	1046
185	274
7029	189
5579	607
4311	747
6554	652
6931	320
3212	292
6930	140
3536	1209
1926	746
795	504
2225	910
2405	516
4000	149
802	657
392	1267
401	631
1521	1201
5687	608
7330	799
3801	762
4668	1139
751	1322
4946	1180
7765	852
5025	1144
699	355
4246	1313
4028	1254
7468	969
6620	377
8168	300
4351	379
8684	775
2240	1194
1244	546
8512	121
4410	1045
1492	272
6753	610
4807	749
2837	620
2459	85
4696	754
6114	133
1477	404
1864	500
1820	321
6881	49
7325	817
652	892
2020	434
3160	21
4185	948
3890	610
1600	338
6892	842
754	635
5132	87
1927	392
5958	638
6936	500
655	1287
7535	914
7028	1046
175	266
2287	545
6870	1049
2030	1158
8481	140
4942	266
6136	625
2077	321
1612	391
3994	355
7965	1024
1192	620
6662	224
194	438
2596	981
2601	1091
2466	1208
8277	636
4337	498
6264	748
5242	552
7958	986
4705	100
5249	1132
4555	674
598	856
861	813
2635	1195
4260	783
1834	278
6712	845
7540	501
3415	253
5961	1122
428	704
4543	277
7859	266
4399	281
7594	1093
6890	405
201	495
1792	886
2186	289
2833	33
461	1308
7744	983
3234	266
329	765
5134	896
1231	749
4715	842
2430	281
6364	301
2886	491
1242	196
421	928
5881	536
2832	1322
6346	322
5684	776
5303	281
238	336
5183	1272
38	109
360	1161
1595	481
2389	681
7775	957
2588	442
871	926
3989	1135
8192	274
3699	379
6009	1053
7589	118
7069	237
8279	500
6634	1023
1443	746
174	994
3843	155
503	986
7179	630
7579	791
4616	196
6527	33
7945	410
5005	948
5240	1228
240	846
1976	131
2512	450
6397	275
6419	547
5277	951
4641	370
8014	731
8388	503
513	1322
8547	5
3186	899
167	614
419	355
4177	661
8599	61
6304	987
1497	280
1106	62
7092	1313
708	351
3339	281
7347	914
1553	662
8275	673
4549	378
680	1288
8066	519
14	1189
7931	1201
2193	855
7576	751
1178	610
5719	1177
3372	675
95	633
6759	1313
8341	948
3874	1004
7215	166
7473	40
8189	355
3638	115
5673	357
4803	977
6518	783
3787	181
1719	1313
7186	1103
5753	857
3537	1058
7547	266
6250	850
3872	337
8650	638
3541	1130
5203	247
5390	1306
1845	657
6999	292
6283	567
8593	409
3530	197
7861	772
5211	217
3436	574
7550	666
7308	46
967	749
5835	845
5606	593
6655	1127
7914	253
1221	675
4051	610
1454	457
4093	1288
7512	431
7525	113
3786	196
2079	1167
87	929
597	595
536	644
7638	764
3757	1130
3776	901
3164	321
7220	834
8090	1138
2272	174
8367	926
2136	223
8347	1192
4422	503
783	1096
4792	956
3507	414
2847	103
5109	40
2469	287
4578	1118
2653	928
1251	357
4943	991
3751	1241
7466	957
5736	701
1474	1303
5322	878
2164	118
2293	952
694	1198
3323	1093
1855	1293
7086	970
4443	850
719	49
7661	942
7846	1044
2196	404
8139	600
5074	491
613	1201
5123	784
5300	512
6356	147
5462	603
7068	791
7262	793
5792	1326
7451	1002
8156	166
2233	1126
4175	196
4358	33
6172	85
7998	229
7302	192
4837	679
8520	61
13	74
5945	275
1933	751
5346	287
6033	1171
4127	694
5214	172
1068	431
4962	964
5472	731
3696	378
8149	276
6032	931
1301	1318
3649	1043
8338	123
8620	100
7963	956
2633	799
2327	196
1983	1089
7560	89
739	498
3443	391
6910	986
6031	443
1921	1037
6327	104
4825	536
8238	1177
320	850
1842	644
5654	1227
6800	499
4460	550
7484	1129
1199	281
5457	1012
7649	1075
778	720
6456	155
1143	553
5383	909
8582	1071
808	675
5540	1168
48	914
8546	615
8428	1004
1991	1147
1511	783
5722	13
6688	340
2347	764
3168	784
3624	184
3661	185
351	749
1573	166
748	694
4328	831
1274	1105
7898	847
8035	1079
3945	228
845	853
7269	767
1378	846
4191	994
4871	875
3172	404
3119	633
1912	447
5057	266
5111	322
2781	1037
6560	236
1393	623
6990	447
1947	450
5522	1238
4450	994
6305	184
6497	110
2095	552
7812	602
7605	202
5425	81
3710	886
7252	229
1512	625
5533	151
7312	1315
6747	1266
1803	500
3941	953
6012	240
8026	1189
2071	62
4365	61
5860	810
8321	253
4041	1118
6254	638
7267	1315
8526	480
5613	373
2638	490
8601	301
2582	723
698	574
1929	450
968	531
1063	693
1019	538
248	438
3388	982
5365	717
4008	783
6460	409
3747	686
3852	141
5152	1054
176	933
2859	1200
1102	1086
6323	854
4731	176
6249	759
4283	289
4935	827
4958	1170
969	755
1918	843
6956	413
3387	1201
4657	1009
8190	375
7293	1287
4634	241
5653	608
3251	445
6532	1242
6052	483
2349	504
1050	1089
5998	1045
4767	691
5957	973
6330	986
2553	409
3531	438
188	1215
1555	1238
4354	1298
56	775
8362	933
4887	907
1547	631
5348	411
4632	1180
2735	123
1640	963
944	504
5286	283
4537	1089
4627	427
8686	275
214	117
7094	1018
73	694
1259	593
6238	673
3525	52
2879	620
3006	1168
6791	369
3378	450
6645	162
93	578
3354	391
5955	282
3023	404
1769	988
838	287
2421	1234
2483	295
7266	87
6619	36
2192	1130
8212	679
1164	730
2325	652
4228	104
5147	426
3876	1037
4706	596
4414	320
7774	70
5033	963
3477	453
5398	307
6310	722
4816	164
3093	799
5863	176
2487	21
7270	1205
3399	1060
1157	845
3599	291
6194	834
8374	1191
7292	166
6578	767
8102	701
4370	1147
2678	320
7059	1264
6830	845
4097	684
7872	534
446	800
3206	632
3533	948
349	959
924	1130
4165	679
473	1287
3271	413
8331	704
1149	850
7060	104
8247	310
4469	717
2386	1198
5928	855
7274	166
6045	70
5509	1037
1031	417
588	800
8413	1033
2794	1045
6657	955
8131	856
1729	237
41	1208
7721	870
448	101
2442	551
1578	785
5388	973
6697	71
5768	1037
2056	117
4392	338
3153	209
7401	892
2212	266
2431	1043
5124	770
7599	1119
2409	989
2858	44
985	1030
6016	140
574	88
1765	680
2731	612
3630	1135
1467	418
5534	161
834	1151
5692	660
1300	653
563	266
1840	576
8471	369
5370	895
8159	116
8203	446
2311	14
6292	438
2981	565
511	1147
8009	228
3147	438
3763	1093
2938	174
4785	797
7640	1005
8628	446
3312	275
6015	157
6461	594
3778	823
3846	537
515	228
2903	787
5049	856
4314	855
5104	61
3084	349
5700	287
5555	227
4077	320
2118	422
7903	183
2754	231
1112	1035
3738	375
6893	536
3581	161
7232	1130
4700	1300
5220	1065
8435	780
6616	36
7483	415
5607	682
2116	855
6287	275
4360	1302
412	793
4211	919
5780	845
2579	474
7108	1309
5576	1293
3170	350
7894	1118
7116	150
2368	850
6739	1198
6040	450
2232	81
5791	333
7384	965
4721	379
6037	130
7566	1139
4628	36
7590	1020
5163	536
5969	285
2080	377
3275	1061
2916	192
4197	431
5972	1112
5921	132
7309	481
3250	1282
2051	279
5949	845
7747	251
4082	1212
5952	956
4256	876
4448	316
2357	148
2146	378
7584	320
776	130
3358	118
1500	220
999	680
6732	393
6635	271
4564	675
4411	602
1064	395
585	1017
1203	130
7195	33
151	647
3958	288
2418	103
7284	612
825	1246
7089	1214
6876	1170
4052	626
8199	1031
4294	354
3980	952
6663	833
6689	184
2274	370
1977	269
5136	818
6252	1065
5833	969
642	694
6957	888
2643	643
6601	783
2840	1249
3849	1238
784	864
3099	493
5386	274
5141	266
1801	473
4035	1230
315	1215
8617	1147
235	818
7314	623
7335	960
983	1187
811	38
5088	1004
6700	1135
6761	195
8553	314
8106	611
6363	906
8531	1037
8480	274
2604	446
569	642
8310	158
2758	941
4968	292
7816	64
7825	1216
4574	574
2698	106
1817	363
5586	552
5737	264
322	1097
2416	459
8027	123
3456	757
4096	638
172	60
385	767
3360	1156
1346	266
6300	252
8356	784
5431	275
3408	388
5594	1099
465	450
1279	600
7941	1324
4718	582
7298	1238
3273	726
8635	764
2763	507
136	469
5458	275
4461	419
1660	1238
2975	61
4606	377
3919	879
3341	839
3208	957
4119	217
4141	591
4626	1256
409	133
6394	612
314	1117
3094	1177
5465	1180
5393	302
5699	1183
7691	353
2480	1254
6181	671
8408	113
3442	842
6213	1232
3841	1042
1567	320
2397	195
285	634
7202	369
3059	625
1667	982
4599	1103
6806	1103
6522	394
1190	166
7674	21
3963	1118
1486	287
2454	321
1401	679
819	289
7225	1033
5674	292
1941	1205
3551	140
5782	72
7675	748
6108	306
7563	1036
5246	328
2648	266
6432	64
7987	644
6043	962
8213	850
1717	402
1768	450
6886	450
3588	79
4582	110
7203	675
3209	754
7447	1146
3921	289
3685	289
6549	965
7053	958
3952	745
3745	697
6137	351
6121	687
2834	51
923	795
5360	662
2821	153
263	1033
4278	620
6519	1125
4004	294
6985	519
3349	754
1233	734
2314	328
5745	488
7185	846
5944	600
1399	354
2468	1318
3823	133
3296	1097
5966	377
6981	16
4806	340
2870	1271
5541	166
2264	465
4265	1116
5044	991
5631	281
2664	944
4379	798
258	1153
6842	969
6871	1176
2533	1179
3232	761
130	500
8088	620
1413	484
3055	601
8119	1049
6275	428
4131	407
7805	118
1471	1142
7405	1065
7110	123
8039	228
2128	181
4249	155
377	281
7211	144
1883	133
3585	374
8609	506
5426	1179
4809	190
7022	257
7959	1227
7317	427
6316	977
6875	525
1044	764
5499	1322
736	1096
5270	575
5893	1159
4292	708
1108	1043
1289	325
8023	1293
5666	457
6353	95
8629	289
4113	870
7412	422
2113	361
1878	106
123	1127
4106	1322
3402	1277
4794	370
2289	1203
8411	58
2260	1037
6448	39
4566	375
5802	625
8051	843
6545	281
4832	700
866	127
4994	487
6342	275
8269	686
2526	153
5677	626
5665	474
4986	93
7241	534
7338	1255
1653	390
1004	1107
4516	764
7981	1033
3683	355
2592	474
5066	1135
687	860
2234	642
7434	430
8663	951
8485	856
6483	907
226	1037
7188	1201
2452	809
7687	809
2625	1040
6256	675
592	850
5219	322
4040	404
1954	322
1480	281
3173	1124
6726	1108
5567	644
2860	694
3666	1130
889	845
2253	1165
6367	681
276	93
7150	326
2952	1030
4094	68
8265	490
7922	1033
568	420
6728	797
1186	953
7574	228
1122	1030
7688	616
5382	705
6093	755
6411	195
5558	1322
2583	277
8377	34
5650	320
5309	994
3910	241
882	819
3076	773
1536	1308
5080	404
991	747
5143	176
6030	601
1750	123
1030	1097
4750	780
3794	208
6415	704
4088	1186
7504	219
2876	61
2001	1278
1707	581
6710	414
949	820
3797	855
6547	909
4129	530
115	404
7930	500
7897	117
6752	597
4290	850
4584	313
5278	559
8691	491
6917	145
6498	45
3621	1098
3920	266
2359	804
6748	99
7982	61
2316	415
5688	731
4007	425
5816	782
2130	1089
244	1177
1785	208
4261	799
6042	281
3662	502
3765	1201
8486	1271
2439	850
7245	1201
7608	79
397	1184
4471	928
741	1120
2784	469
8372	287
7749	361
6839	553
7551	642
8536	623
4974	693
490	850
2081	1137
26	909
2829	409
8325	682
6580	43
879	117
4241	869
4122	983
6569	783
1032	506
3	970
5711	675
5765	794
4202	942
1281	173
6218	355
7497	33
1017	675
6127	353
6376	1219
8346	1241
2176	1202
6698	166
951	1118
3205	1022
8586	81
5587	851
5212	542
5021	370
3259	362
8587	691
8226	32
1088	72
7239	554
8081	690
7773	867
2696	983
8661	302
5561	301
8554	845
7295	931
6772	389
8613	1250
2669	1143
8561	185
581	82
5485	95
608	856
5331	1191
641	1030
4850	1004
7741	1103
1321	306
6490	62
7472	820
1011	1189
5710	310
7810	101
8015	1037
8289	1043
516	321
4124	19
4439	738
3886	519
6685	679
8556	1253
2854	158
3351	764
3413	751
5428	558
7476	229
2108	461
4960	164
5354	272
7303	283
6271	195
4117	1127
4134	574
3557	969
6258	759
4006	1024
2964	444
7992	104
7494	1179
8363	1089
875	983
4099	195
8032	505
3674	764
2747	783
3664	369
594	835
8074	404
6120	818
5834	1096
6971	704
4033	811
2835	227
4780	1227
5454	495
4691	1071
5948	1268
5090	341
1485	912
5974	553
5936	377
3133	549
2861	404
3230	174
1119	266
5402	130
1390	982
3180	775
7131	371
3146	280
538	123
4791	73
6810	148
8083	287
820	821
3741	558
4745	27
6200	164
1712	92
1277	1204
5239	910
8440	116
1581	1194
5094	1178
6257	821
6280	320
7336	29
1856	700
5565	1113
3760	1158
6649	659
2960	691
651	284
6872	782
7279	633
2210	813
2428	983
2213	322
5228	913
4016	823
7114	443
6568	621
3162	283
4893	969
4778	476
53	755
4880	814
5029	490
4797	491
4269	885
2300	1260
8054	1025
345	292
86	33
2005	536
4363	266
6324	1051
4995	1033
1079	1004
4540	154
156	859
6589	1049
3969	833
3758	678
3656	229
7523	483
3663	130
2967	1147
6216	955
1835	602
3978	1130
2823	660
8570	240
4069	404
4576	164
1146	196
5180	328
7580	159
3946	1283
8330	87
2563	537
5907	189
342	1093
4267	450
6227	974
6361	639
8458	747
7840	543
1215	694
561	266
876	1019
1742	240
7799	38
4467	955
7048	1055
2470	277
7386	227
1007	248
2897	431
727	1035
6707	856
1389	1078
6845	454
5590	652
5691	1100
4138	912
496	754
4172	1227
2940	38
2402	1007
222	673
3053	438
4609	960
6654	958
5960	256
1209	420
8453	369
60	488
785	1309
5145	996
4201	623
3959	189
570	1042
8164	500
365	61
5298	994
5208	454
3046	505
8175	339
2839	1168
7809	65
6686	321
697	320
2630	450
6241	310
4136	142
6942	844
4421	82
611	166
2273	404
7288	196
1415	195
637	615
6123	275
2681	503
1305	484
6504	1194
98	289
4142	1152
1329	370
7609	402
1330	1189
3976	1035
2299	404
3915	1263
3628	1217
1679	755
7848	1121
7900	845
5507	504
674	842
6064	1157
232	747
1262	321
6627	1107
4818	906
5460	1177
2552	1177
492	784
7100	150
474	521
8499	1324
7361	33
4158	44
900	845
886	122
6393	657
7495	912
274	196
2127	1037
7460	812
8420	238
2190	320
2288	307
7409	86
4307	438
4603	1315
8397	747
3279	117
3814	839
5644	1005
3822	1271
1490	507
6974	614
7341	208
3645	228
5676	963
4434	1163
3497	123
6695	550
8135	1231
2343	1035
3749	1068
2702	304
259	124
849	634
3255	139
6437	950
5137	1249
5536	845
3336	365
3855	391
5282	1242
972	850
7363	450
5222	658
4408	438
420	637
5434	1032
5678	904
6855	1165
7026	505
2771	1194
4570	275
65	761
4648	213
4990	274
6847	1059
6470	357
4993	316
7763	197
3743	1009
2355	391
7905	538
6510	506
1344	69
7802	1152
546	41
2598	371
1661	959
3233	99
7555	438
2609	1308
2803	600
5868	1132
5543	759
3935	196
1208	742
7247	830
3695	694
3450	919
1709	337
4539	616
3870	746
3193	104
6867	343
970	630
8585	1242
8549	751
7641	1097
1662	1119
6028	1248
8040	321
5284	1162
1960	70
2147	392
91	1201
8514	1037
5343	725
1120	633
6469	348
8692	746
4969	59
4779	956
3667	751
3704	752
8288	981
4577	635
5231	842
2058	850
6408	970
1854	949
7600	892
800	321
6148	50
1470	818
1278	579
534	1168
1806	86
161	1001
5417	280
7833	1004
5338	450
7977	846
710	1200
7018	33
8678	603
29	842
922	929
5042	1180
6692	600
842	610
5990	1034
7617	281
1703	253
6459	319
4675	849
5323	340
6684	1307
6	404
6051	166
5510	837
7419	846
3877	545
4776	306
2575	959
7174	697
7527	237
4347	152
6462	153
6481	491
8489	404
6212	490
208	174
4219	362
2451	956
2384	856
7449	525
8001	849
5744	462
6730	110
3421	404
2247	133
7422	749
3781	817
2542	366
8455	1059
6614	1322
4744	754
1604	716
3725	341
2204	1152
8555	231
3313	343
5261	691
4831	761
5306	87
770	999
7717	247
8220	567
7063	1033
901	512
5829	123
3809	565
5918	948
5216	478
7557	926
1828	433
8527	1282
6790	1215
4823	307
3423	677
2473	322
1826	720
7631	578
4391	439
3103	1084
6584	1002
3706	1163
5442	135
1338	1215
3342	850
1036	1179
6484	845
2615	322
8280	746
4297	994
3897	61
3539	13
5630	632
1103	1179
332	755
7663	441
2501	1252
4575	553
4492	614
1517	65
2958	754
8103	1198
5014	538
5091	174
8358	1250
2183	281
1256	691
1631	283
2565	818
5439	106
6556	503
4275	1059
3654	635
7105	678
6160	422
292	373
8169	701
7885	761
4939	327
4552	615
5920	983
2901	1142
5810	142
543	1037
7793	1000
4593	1009
7985	108
6378	420
1184	140
6220	483
152	495
6347	1139
1781	963
8170	1142
6738	856
4075	1283
7023	299
1646	420
6812	856
4313	691
8439	214
2943	444
792	1147
8096	725
3034	497
7254	625
4869	677
6891	1285
2270	181
7543	1004
1159	312
6967	859
601	158
4139	644
7983	664
4159	417
6464	933
8540	281
6887	575
6882	249
5422	10
6008	1201
1923	479
3471	281
4085	636
3280	1163
7243	628
7380	789
3829	652
8669	938
2815	127
5262	1118
8061	1168
1839	36
6266	266
7693	795
1020	933
6235	601
1111	274
4955	1127
8384	506
399	227
6270	100
4194	600
4157	104
1335	275
8099	608
1194	1109
4928	1140
3319	931
3970	258
7112	589
1110	177
290	1130
6214	450
8300	725
7920	629
2851	680
3405	1058
5376	1065
2690	137
2993	1236
758	1179
4491	1101
4687	151
3836	824
6727	321
16	1231
3152	246
3288	948
146	359
6233	725
2980	843
3203	229
3802	404
803	906
5456	581
6445	675
3737	1061
8574	1130
2875	960
6583	451
2707	92
8551	1290
4743	328
2236	158
787	301
1033	1121
3287	1135
798	174
1972	1096
7762	861
6387	845
7144	935
8146	1287
4247	113
5082	1034
5804	1304
629	89
8021	1031
5821	759
5301	311
3853	404
7797	157
5421	855
541	965
8642	1283
1141	675
1040	1181
3789	625
1694	846
3682	679
5537	324
4822	770
4922	328
589	741
4072	850
933	585
3857	625
4496	892
3000	817
4048	1291
1802	1234
2645	1097
732	306
2046	1108
1491	1179
3337	921
7676	228
5329	99
8068	162
6360	240
7814	39
8646	483
5060	213
5981	538
5795	861
3813	349
3355	550
330	150
2063	391
2920	36
2203	447
6092	321
6207	141
7448	845
2968	47
3697	636
6167	637
1006	204
6924	1290
6736	1232
4231	89
8180	991
2189	612
4524	79
8024	994
1501	313
3573	1201
1815	628
31	660
1946	1005
6245	856
341	1096
7582	130
7201	238
2115	906
1625	32
8409	1273
6024	93
8615	652
5999	820
8217	1037
6803	800
1502	1247
2250	1180
5592	1114
5304	174
4588	122
8665	166
895	700
7948	683
1877	415
7248	751
6427	1313
372	1170
5468	618
625	842
7692	420
1763	1200
2778	512
6104	675
4418	859
7575	359
6190	328
2194	1030
5411	1215
4095	321
5946	823
5891	231
5658	231
6813	652
7236	1077
750	505
2052	307
2652	578
6843	38
155	413
100	679
7320	301
336	623
6720	218
5046	140
610	352
7960	1179
5113	351
7683	1070
1459	983
4050	817
1952	1147
4329	328
6078	843
7102	1101
296	130
6550	499
8059	353
2525	1287
4590	652
7339	438
6809	556
3447	1225
8393	1119
4312	392
6922	981
2649	1297
5859	616
6311	956
7526	1253
3565	1271
3613	960
5446	1126
2437	36
3425	181
191	1033
8532	617
8292	184
2705	1183
5837	356
1934	373
4423	614
4945	320
7383	814
2689	817
1361	499
207	423
1723	1271
2976	195
8668	1248
1529	402
5755	1181
8640	304
5237	590
3183	427
616	138
2457	503
8328	266
4979	1037
5230	1302
6794	287
5028	266
639	87
3095	140
6615	626
4083	355
5356	106
1385	139
8011	1195
731	1249
5314	323
5557	830
523	204
8138	818
7698	667
5916	708
2675	441
2313	1102
2703	396
7046	741
307	543
5038	1109
2205	289
1887	1243
918	973
6949	737
5657	443
3218	274
6436	375
5305	1212
5668	95
6222	644
4474	235
1123	981
7973	1004
1496	192
2149	464
5582	166
6683	430
8375	450
8163	1004
1145	89
4756	691
2946	62
6178	926
2743	1058
6452	474
1598	1242
271	237
5872	158
3815	319
7689	1179
6919	297
1270	140
5320	355
8185	391
3188	333
2119	195
3202	492
8258	1168
7190	969
3262	725
2961	447
1195	496
3029	404
782	550
489	275
6629	151
5404	229
197	680
8087	883
7694	414
8416	1281
8228	1115
2401	404
7635	404
2813	176
1479	266
1577	925
987	601
3222	842
1084	266
1532	1104
141	355
7771	353
5985	176
2337	134
3223	675
1105	438
8359	892
3698	127
5241	1124
5264	149
5367	704
1060	679
3742	281
1382	731
2706	483
7549	415
3767	1228
7310	970
612	460
1029	1219
4210	1212
3968	561
4757	266
129	814
6156	172
4536	1201
142	195
3369	859
5112	95
2131	991
4192	276
4669	655
7795	754
6467	1171
7662	140
6053	404
5836	1195
264	319
565	705
3888	1179
3561	237
3236	1238
1153	1074
7192	379
8472	591
8071	761
3898	839
7524	614
4447	275
3640	1241
7902	1212
8445	1073
5096	275
1531	395
5638	208
1239	127
6328	459
153	648
1716	1164
3962	1116
3187	429
5405	994
6133	1238
7219	1231
5748	140
4387	121
4755	933
6637	355
919	413
6834	281
1230	310
786	968
7890	1038
449	1151
5084	61
7397	512
576	986
6701	1127
5107	229
3253	321
411	657
491	984
3612	1130
7934	442
4330	405
3035	44
8533	1208
6029	310
4554	727
2551	174
3529	202
5690	1093
3906	306
2634	1000
3509	823
8626	981
2336	228
6382	1308
3459	1308
6475	1143
2561	1005
3334	443
8003	270
6638	195
873	389
3019	1218
8431	1158
4501	922
1949	625
6911	480
2443	404
827	601
862	275
696	447
5589	447
2460	1167
2795	1227
20	448
4741	130
571	1004
145	846
4250	92
2651	392
7651	850
3359	227
5930	228
7066	200
8376	941
806	378
3936	271
246	173
4032	327
1722	316
6758	536
6263	328
1745	195
8505	1313
7826	1120
8260	1161
3933	1096
709	612
3550	713
1001	341
2152	1253
7209	806
1993	823
1558	820
634	1120
4034	266
3062	181
4655	747
135	404
1633	887
5003	357
2995	1118
1665	1100
3990	266
1732	983
7464	976
2019	818
7684	1147
164	754
1639	266
456	745
7748	1033
2282	322
2571	700
4717	533
1075	503
3868	238
5671	734
1132	1124
6407	1058
3247	297
1571	784
170	198
2774	431
7250	656
6524	278
7780	1142
4183	500
4950	104
885	694
2133	1087
2182	775
471	637
8148	636
5174	27
6929	223
5312	266
2461	328
195	981
6128	1127
32	824
7511	764
3771	845
2923	755
7119	442
3506	134
4897	1311
2534	438
5731	307
2302	438
219	694
7713	98
5374	1043
4614	667
3476	471
2	768
7346	933
4084	845
3439	145
700	148
2713	1210
7917	37
872	632
1066	310
3356	815
5106	671
2996	662
7937	600
72	1201
6373	1088
7770	662
5223	277
4647	783
4859	230
4382	1241
5877	141
6399	194
5841	926
4002	642
6162	581
4176	61
6487	980
5159	725
2748	44
6950	1227
6693	142
1917	354
3182	166
1225	1287
5933	1049
1748	1293
5361	450
7789	268
1823	795
3403	811
631	607
1376	1082
5898	101
2209	1015
3768	591
7433	405
1494	1255
8221	987
940	107
8584	1038
7929	612
3830	969
1821	89
5391	277
6543	309
7804	184
3184	1211
775	1213
8473	612
863	657
4716	625
1156	1103
3418	164
6667	601
4208	929
7558	357
2497	1118
4639	909
7821	846
2599	856
4636	628
3726	712
168	76
7986	959
8447	1170
45	358
3352	679
294	1132
1154	551
2536	353
6846	495
3792	277
284	804
6858	933
8418	340
3727	440
8152	738
5253	953
6947	1264
7389	428
550	1127
7353	646
772	846
3327	1232
33	146
6034	900
520	1285
5962	414
2983	353
8248	623
1794	607
4892	598
4162	780
1858	275
2279	1264
4003	1058
5081	320
4343	557
5051	648
1807	49
3580	470
1847	450
4625	1256
7091	281
837	316
5201	325
5161	256
2845	634
4359	1219
7667	1105
7051	392
370	1241
5035	105
8110	266
1418	1069
3211	1185
6840	948
7370	614
3937	625
1387	341
4594	452
8273	92
4631	1271
1424	968
8004	1098
8304	266
8645	1185
321	813
4458	287
1681	132
5532	1107
902	1135
1468	845
8020	661
830	759
5459	553
7739	266
8600	87
5790	754
5617	1093
381	874
6669	355
1499	1126
3163	1264
5758	868
1738	694
6384	196
3519	969
6038	1093
2261	292
5956	422
4415	123
2657	167
1158	754
4253	862
184	1158
8373	320
8681	101
5333	1221
7980	323
4323	404
6186	483
4120	644
470	614
6060	763
2464	277
5292	123
6927	704
272	506
2277	181
2022	79
4964	400
3274	328
46	3
1453	323
3511	983
3532	1318
3795	213
3694	336
5166	1055
4841	514
2449	1022
6642	920
6512	873
2296	954
7978	621
5927	1227
1313	704
2921	1109
6745	1200
6229	442
1202	1033
1049	1274
1307	450
8309	289
2446	140
7256	849
1410	442
1514	431
5716	1111
673	1222
166	355
4024	612
4561	44
684	564
8339	66
319	614
8234	966
6778	275
4804	321
8389	339
417	1130
6153	845
3496	846
3194	630
7009	1095
3272	527
980	516
7074	160
1332	278
506	901
413	636
3892	509
5941	1230
5754	845
0	72
6827	831
8598	747
7696	850
3469	797
4673	1269
6260	392
4356	1152
4442	275
6694	1107
6644	1172
1169	461
2412	1093
2369	166
7437	761
4400	842
1162	675
1432	130
1323	1171
2258	1268
335	759
1160	392
7362	266
3650	1189
7221	1100
1127	680
5017	649
7082	404
8210	482
7109	1105
2658	976
4214	2
8211	1088
6857	274
6878	612
2640	500
8677	1195
6417	732
1591	1071
3884	850
7539	228
5895	1248
530	986
4845	994
2024	1043
1850	1161
2166	62
1082	964
8261	820
6065	413
2400	438
1318	300
645	431
4989	208
4882	1208
3102	861
1654	240
6771	846
761	928
4949	1203
2591	438
2285	405
6168	157
630	1097
4396	476
2765	1060
3770	410
7165	402
8634	322
498	1043
505	49
2109	174
8463	422
5475	274
5703	447
6844	466
4782	1127
7509	1180
1526	247
2550	8
5685	1319
5786	492
6450	536
5531	159
4532	1118
5274	450
6651	153
288	110
7711	1054
4907	72
8337	1093
4663	1065
7865	275
1409	1042
1998	81
3707	1103
5097	404
2390	453
2200	196
930	817
2084	1126
4788	406
3452	158
8111	289
4581	141
5464	1171
1384	213
548	933
1944	253
6687	1089
2824	181
6823	1035
1583	818
2035	307
5288	410
287	625
7673	575
3108	229
5438	450
5648	958
6735	1208
1537	1316
5248	518
8070	195
1438	771
3458	287
3241	1322
7080	320
5508	307
8016	970
5659	731
7442	694
5225	576
5760	966
5200	483
6969	40
2557	484
3918	1259
989	1282
856	782
6588	668
7808	1252
6208	281
1890	92
5887	1127
2477	705
1456	1011
6904	277
8350	577
480	793
893	292
7035	933
7138	885
5139	40
1764	223
5406	82
3844	1272
4029	1118
4383	276
4226	448
5279	469
2017	283
1841	551
5437	81
6362	404
5039	1309
3940	405
6355	357
1615	1059
2798	1257
1472	615
1185	679
2619	1203
4147	780
3195	24
5959	361
5122	1046
7498	1200
5619	545
595	917
4341	780
1232	1119
3128	150
5018	1201
2276	503
5359	700
6606	246
4884	1322
5742	983
460	1152
2318	1221
7879	102
1356	21
5777	1197
1276	419
4659	992
5529	1044
49	381
8426	102
2668	166
6851	516
4293	1283
5073	1157
403	931
4902	682
8496	601
5965	531
3566	376
6869	140
8271	221
5369	1153
678	770
7819	273
6633	751
8172	277
622	440
6796	757
5581	392
7595	681
3397	500
6682	410
7565	294
298	563
6293	266
5697	106
1560	87
4874	1059
6083	34
8603	36
4324	973
6909	650
1412	637
8129	282
2331	123
5040	333
6339	1242
4509	620
6802	420
1142	104
6434	40
3676	144
3140	731
4168	379
2161	1140
507	1265
2560	520
1340	759
7306	635
4233	587
2479	1229
623	281
4342	690
5769	1224
909	1322
8230	106
475	181
6465	661
1369	370
4853	356
8322	228
3917	379
2395	422
5609	1016
7883	1184
5469	355
4727	916
7969	693
4835	1194
4701	256
6379	447
2974	1238
2727	975
7143	39
3923	780
7011	775
8049	912
7184	479
4557	89
3902	271
4059	766
2103	158
1666	545
3159	138
2169	144
1437	448
3050	358
7530	698
5696	964
2290	158
4844	1038
5805	574
7510	1313
4244	984
5243	1088
1689	783
3151	958
171	1200
5416	434
7427	1141
8357	856
2887	1037
847	1232
293	856
5448	1255
3229	151
7198	266
6391	18
5296	545
4748	725
2089	880
8564	530
5670	1249
575	600
3644	1192
3730	355
2154	553
4266	349
5544	536
6509	850
137	440
965	469
2447	1043
8605	710
7104	295
4011	72
6295	1124
904	266
3074	1194
7385	1119
1275	754
408	1303
932	370
6112	28
8493	434
1362	1087
3263	701
4204	404
661	1193
4866	272
1996	1058
7130	611
5669	378
7923	450
6763	459
3859	589
868	140
7329	404
2672	442
2856	506
7226	21
5477	1309
7886	65
6849	753
857	881
8687	1089
2855	44
907	754
975	138
1236	985
1293	1033
4395	18
6348	1192
2671	839
6054	495
5193	1118
6609	856
2319	839
186	6
3905	1037
7806	114
3603	266
832	982
8483	1093
7168	134
395	722
7508	1059
1258	1197
5721	450
1746	141
2891	629
8607	994
7480	680
3804	1201
3087	1163
557	51
6558	545
3988	266
7781	458
6729	983
133	1287
2330	691
3309	670
3353	281
3298	986
378	887
5578	287
3414	735
2362	754
994	277
5904	1227
76	783
2881	845
7316	1240
6226	212
4397	156
8084	281
6046	229
451	852
5070	1071
3111	629
1605	490
1253	675
711	850
2388	754
4451	538
3141	130
4889	1295
5196	865
8403	1113
2476	977
2170	375
1693	999
6562	104
7430	253
1791	317
714	116
596	725
5905	183
7521	315
1513	104
2606	186
5963	130
200	1133
8538	681
5876	124
3582	285
2502	799
3701	1000
7240	266
3895	438
256	868
4309	1060
1522	1156
4512	436
5244	754
6228	130
2528	478
5148	1198
4891	1102
8259	1071
7944	141
1556	404
1090	1185
1648	383
3434	753
7273	556
1147	289
4080	680
1128	229
4870	1198
3377	1195
2009	784
1938	43
343	757
2570	275
3609	754
4427	120
7189	845
4914	35
2027	1162
8086	1034
2736	545
3433	1020
2346	787
7680	1166
5321	1268
6777	415
2100	283
3929	135
4864	612
7878	783
2162	516
2931	379
3011	276
254	266
2586	278
2756	546
3784	754
5741	608
7643	403
1970	134
8022	322
5486	49
7619	276
7000	1296
8614	156
6982	855
4710	1019
4019	585
2719	1158
44	569
7997	123
3430	612
467	555
5799	820
8047	105
647	438
3885	370
6476	587
2882	281
701	275
3038	784
501	341
4160	802
5221	784
2003	363
7478	195
7953	671
3904	715
7193	538
7726	783
620	1208
2898	1161
4220	436
7424	34
5909	614
6225	46
2970	449
3691	1162
1461	272
814	1067
8050	123
6290	1319
6085	1169
1299	872
2508	737
6998	974
5047	639
3944	225
5023	196
5302	307
2948	1283
7367	357
5784	856
1622	105
762	721
7577	525
7296	717
2773	64
6631	290
5515	1118
6488	450
5358	794
3834	61
383	856
2229	700
5528	1065
2864	404
6071	176
8072	1293
5598	237
5900	17
3950	994
2485	371
2991	845
7803	241
5995	187
8407	185
7311	275
6003	620
8264	124
5858	235
3258	912
621	700
978	62
4118	553
261	969
8025	196
8515	573
4479	1098
4388	483
1606	680
2617	1249
1967	443
4060	956
4037	1116
5350	1192
7099	168
1825	1227
624	572
4316	625
4437	1098
2340	34
7639	213
7161	443
7737	266
5443	931
3086	86
4238	846
2941	601
1096	1288
1198	534
6537	1123
7324	1058
5662	536
8251	1089
2783	428
1377	1059
3027	151
1057	795
4441	296
5281	928
2726	483
3374	87
4053	574
8242	266
7122	843
6084	322
6431	1242
1570	780
3832	1130
6668	577
5899	587
406	490
328	600
4155	404
4983	1166
7160	181
6541	79
2801	922
635	101
747	142
7084	681
3363	481
2507	504
2928	1253
8308	450
1035	153
5706	983
4476	845
7913	383
8378	701
5608	652
7052	1118
7077	962
6717	747
488	1151
6665	1300
6921	856
5115	13
3007	266
4063	78
3949	758
218	553
6087	1096
8231	784
6829	359
567	1161
2753	70
7222	404
580	1108
1498	207
2179	75
1790	538
3516	1113
5556	1219
1373	1135
3752	482
2612	129
3924	1208
5024	237
1778	923
663	123
5078	964
1191	610
8695	443
2666	1244
7928	1017
250	1058
8647	614
2066	803
8317	737
1255	1033
4279	759
7919	196
7307	595
573	447
4633	138
5186	853
7408	865
6734	1216
6799	536
1189	1049
896	351
1520	1102
6958	1031
7418	1093
6326	60
2345	150
3957	614
3719	614
7852	299
2889	192
1352	100
75	195
4941	34
5083	357
4665	33
4784	969
6903	670
1286	440
7754	141
3424	630
8006	691
2453	327
1180	843
7952	1033
5624	142
2966	130
6542	281
1309	392
5349	427
8616	895
8610	470
3911	739
7592	323
1308	464
1963	1058
2021	612
280	693
6251	516
8456	970
7854	321
85	40
738	306
6523	237
344	970
1419	614
5728	1074
2029	1059
4490	108
4595	1102
2816	41
3559	536
2841	144
2215	556
6896	795
4895	670
7938	370
2317	620
6719	1135
3938	957
5813	704
6236	1127
8386	1244
3702	708
3438	1071
106	935
1265	740
2031	895
4953	166
2008	1168
3267	981
7731	229
2986	1042
7037	196
6762	195
4523	911
6492	633
3362	367
3692	754
774	87
8624	51
7822	392
7957	552
2656	675
7947	1178
3454	1098
469	266
2759	667
890	442
3837	855
5625	1157
3306	1313
7155	27
8658	491
4232	1254
2144	1089
3386	1214
4030	33
8332	118
7634	948
3429	377
1911	850
2168	410
4381	79
4965	415
6135	104
7827	943
846	275
7392	754
6482	536
2932	339
3499	266
3981	320
414	942
1787	422
3972	1201
4326	144
7229	855
7349	754
3138	784
437	1109
1469	921
7800	144
7101	746
7782	1228
1284	1320
4649	133
499	779
2326	1137
407	1225
6455	266
8181	783
5801	1230
7420	1149
2950	191
5146	461
4653	926
2692	136
2414	764
2160	920
6248	833
3572	70
8109	1227
8539	450
1177	281
3167	404
5013	806
2141	1261
5546	305
7715	765
3799	400
7364	1044
1800	211
1027	681
950	895
6530	1281
1766	324
7786	657
2997	1031
1179	1324
1798	282
815	1241
6165	630
22	1310
3316	307
3601	837
3045	266
1566	226
3869	192
6993	70
3740	856
1535	1165
2549	316
8323	306
8257	99
6390	531
3410	413
3445	977
7796	759
1024	195
656	1183
2750	546
5479	764
4883	1170
1315	473
3124	537
2873	1089
3800	138
3257	803
3340	744
8312	272
2717	166
960	1037
1172	96
5197	612
1210	134
8459	164
101	559
3503	1085
2682	1058
7559	166
766	1088
3907	321
4236	625
5400	321
604	1044
3805	302
1290	855
1267	870
2037	963
2380	404
4573	306
8410	663
3780	1140
5012	68
3930	747
7090	1230
4086	988
6593	856
6935	378
5501	1060
2956	612
2704	846
2086	845
479	50
3505	328
8611	436
6396	148
23	229
4699	576
6479	863
2769	1128
2252	294
3473	1323
6444	49
4455	850
2085	747
2123	748
3157	392
366	61
3788	770
4737	196
6822	438
7072	416
5089	130
823	279
3042	570
4919	30
4510	266
547	841
5842	614
729	1014
5525	681
7899	476
8147	527
7291	911
2333	1239
4519	1033
380	303
7818	691
5626	176
7213	702
562	409
1002	1119
8579	289
6217	218
6590	565
7459	716
1348	389
2600	1142
2048	270
2535	973
8521	630
5291	1287
4768	1310
4579	817
1637	39
3998	1059
8567	637
5746	795
334	93
2042	986
2562	81
887	185
6678	1118
3750	123
675	525
6696	675
1624	436
5142	21
8354	694
1818	392
7391	1198
6817	392
669	738
8266	82
1173	1125
5851	404
3131	33
8638	958
7372	655
1948	1159
4542	1002
7940	431
7486	551
3002	746
5441	422
2495	53
4686	1109
6151	466
1937	831
848	127
6944	229
3310	469
2987	1129
5085	983
2140	123
3515	240
6841	281
749	536
6454	958
6152	791
7272	679
6055	422
6354	1191
1833	61
7454	494
7624	266
4026	1071
6725	1179
5992	973
5915	301
4568	49
4534	840
3082	867
584	32
4910	657
4298	691
5771	1134
6948	357
3284	321
707	441
1965	1228
1136	373
4733	570
6833	295
6805	695
5950	1089
7949	219
6978	638
8166	596
1701	316
1457	1028
5902	375
3871	746
4830	281
1674	800
8399	1205
1402	1197
3292	983
5828	1271
1347	653
2642	1060
7251	623
810	450
1025	321
7210	865
5054	846
7909	942
4847	195
8651	274
375	791
3583	93
482	287
5733	228
7889	1003
8465	281
6577	371
653	1059
4836	1185
4666	321
5894	845
1100	933
2710	392
3502	1058
8360	938
4858	321
4217	373
4732	72
1028	1158
6154	278
2455	410
1476	1042
4967	710
7505	92
1659	1309
5723	559
6709	652
1074	675
2740	850
7670	469
7943	747
1170	1161
7896	1132
7149	89
6975	104
6204	723
1735	1206
4764	150
68	422
5191	1180
5401	1193
4551	700
1183	1213
4128	450
3344	783
4188	822
2062	873
6511	123
5258	1201
7127	974
8461	1019
7471	256
6705	1159
458	519
6551	1268
7242	113
1510	1161
3148	536
8055	797
6389	166
8476	1249
3733	845
615	1132
1366	404
4306	405
8559	195
1582	844
8451	419
6068	1118
3261	791
2364	321
1699	450
6413	1222
2959	548
1426	64
3736	249
6281	141
8295	27
3049	1130
159	601
5511	327
3063	1079
8064	1208
3297	696
1243	1119
1551	612
2465	1163
5315	1142
6234	536
1414	21
5229	1204
3448	1019
6240	687
599	141
1680	450
8150	553
1618	360
3048	756
1736	1002
3623	130
3149	491
1902	691
7065	799
6265	145
1744	404
3092	83
2266	562
4237	1118
2338	845
2679	668
1953	1170
78	442
1758	140
4452	614
4240	130
6566	471
3028	210
2730	1042
2297	135
5151	1120
8315	821
4592	287
3043	660
4031	796
2711	61
8130	51
7794	64
1365	1042
8550	761
7645	614
7546	413
178	404
3330	396
8232	722
6808	43
8644	1098
1784	1069
3819	754
5403	615
3866	442
6801	976
7369	680
6428	1096
7166	135
5527	734
5290	228
4826	625
6388	322
5880	994
2348	355
7365	1243
3785	375
2474	359
8140	118
7259	1292
3080	241
4339	708
2371	519
7457	87
2607	1130
8475	106
7586	1033
3221	845
1588	1151
6795	917
21	420
1670	266
5681	289
4591	140
1304	1004
4800	410
356	845
4571	973
5101	963
8069	628
2613	292
5471	632
7766	572
3136	1059
2307	36
632	614
8171	304
5055	853
8545	572
7342	144
6741	275
2904	21
7031	820
1831	538
2255	920
2242	983
1328	1004
528	1228
952	690
1909	1104
7761	144
7578	158
3660	283
8352	754
658	614
309	141
1525	1325
7230	1047
1623	106
5954	1021
2610	800
689	1179
3440	686
158	709
2793	410
8037	410
4808	110
1788	1043
7344	166
1540	1178
3453	141
8479	958
4654	764
2844	140
1465	725
2780	81
3044	855
8326	856
633	357
962	1119
3004	36
4225	181
19	982
4623	452
4689	404
4619	123
4489	719
1603	135
7502	396
2663	1322
8390	321
1626	519
6022	1032
1095	855
3347	79
2448	816
7453	1271
5647	195
2572	326
2503	1110
7496	678
2935	266
139	33
6317	422
2722	1316
7882	610
8502	749
59	928
4284	960
1728	190
4189	1189
3225	933
1988	180
1523	229
4042	846
7417	612
7807	158
693	1313
6977	1241
6951	363
8101	543
7939	1059
2138	359
405	1161
2435	110
3594	552
2971	782
1218	212
5372	667
6506	79
6402	375
2924	928
690	158
4517	349
8415	656
981	598
3678	1141
8160	392
779	1271
1302	1035
5840	612
1152	976
2104	1127
4377	686
5127	846
7300	592
6198	375
4044	266
4747	1140
3891	1268
1741	1152
5519	681
3431	1163
6301	722
836	660
5099	856
7253	1303
4975	289
1569	370
3543	887
2244	633
3593	657
1546	923
7915	749
3909	660
6774	986
2714	293
5597	1009
2548	1237
7556	1072
5209	578
6603	662
7139	652
6466	780
2481	32
745	625
8494	614
5138	846
8076	1124
2410	158
1884	493
5226	355
7354	205
37	141
3145	18
1118	405
2662	855
6285	626
3018	370
4114	764
8622	353
7669	370
5409	855
8446	969
3005	193
3112	747
590	855
5293	536
7124	228
2434	266
3564	1287
5379	306
665	75
325	970
7070	1277
1444	1287
6169	747
2650	370
7697	442
6983	1103
5392	855
5177	761
7002	1159
1793	292
7714	1036
2055	64
6838	447
6477	687
8680	849
6755	340
1406	630
587	375
8667	134
4682	783
3948	309
843	858
1245	697
7722	980
1039	1249
2496	1163
1974	72
1979	404
3555	595
3346	536
2757	450
125	1113
899	420
1942	450
7076	134
4174	135
755	1254
2776	545
6418	321
84	266
1962	287
8034	1270
1099	817
63	213
7436	899
2626	448
3847	909
8283	1042
7489	389
8077	1208
8523	89
1780	1086
7701	405
1071	977
2191	572
3307	724
7542	793
2025	746
5420	450
3295	34
5117	172
7867	60
1038	1024
4079	704
5185	623
3705	255
5823	438
6478	429
3996	310
8548	660
7880	1113
8670	660
7285	135
1182	204
4862	1222
3089	948
1731	1017
2092	853
8637	1268
3285	1319
6598	158
7606	1080
3155	948
8343	832
3578	929
8085	1061
2110	127
524	277
3634	486
459	70
4824	1298
957	1102
2423	355
333	283
4734	581
1682	483
781	275
7016	256
804	613
8031	300
3546	266
3185	1268
6027	675
6704	46
7862	79
7054	370
2185	1129
5943	1208
8250	404
5975	670
1913	1201
6528	433
7742	1183
5125	1232
3051	1225
5195	623
6622	266
2637	1130
7618	1033
4412	1140
977	281
3665	102
4022	106
6145	1179
7493	467
229	587
6403	281
3488	404
3302	1220
4671	652
1585	1201
4933	316
2712	355
8162	512
3753	1284
5523	754
3127	912
1797	111
7503	482
5490	1124
7871	536
672	13
202	1139
5871	1231
7415	1104
2101	543
7767	82
5363	1077
7736	421
4624	1045
2458	93
439	310
3773	725
5157	754
270	1248
1331	241
4273	1283
2614	991
7719	47
1737	70
7331	1152
3808	1118
1023	638
5470	310
3090	973
1515	134
7381	61
4407	281
7428	503
2957	855
5634	1205
5889	523
4299	1283
7877	427
7377	63
2043	550
6309	195
7301	565
6422	865
7545	123
4681	126
1021	1076
938	967
2486	106
1678	1284
3501	138
6538	909
4820	402
7727	1004
7033	472
8513	1046
7989	176
6059	652
1450	1017
3266	266
1114	813
6480	35
7706	994
5919	1244
362	229
5272	604
6835	1083
2687	449
3317	36
7633	401
5611	432
2309	675
4613	685
3487	775
8534	764
4913	1171
6912	1087
6279	976
1297	33
4334	957
416	400
6429	255
3239	330
7534	350
6182	320
2799	176
1543	43
282	845
7214	843
1593	530
5172	956
6526	105
3500	1158
6306	764
2697	343
8380	779
7979	453
2006	87
6853	910
225	670
5184	231
7603	536
4133	436
2919	407
8382	1213
8056	912
4707	973
5518	833
1061	48
3893	1213
265	632
7111	656
6783	33
1686	267
5580	783
7481	926
4664	373
2721	195
425	1007
3563	1063
1220	282
3684	608
2585	72
3015	754
3197	850
7348	600
8482	292
4956	578
7870	868
8423	307
5414	75
7884	27
6061	1276
4906	103
2370	986
4462	375
4839	44
2985	138
1882	328
8404	1118
8594	227
7695	754
2245	166
3985	722
4428	775
8161	81
6021	404
1830	675
107	1254
2828	320
369	803
1264	239
4931	1033
8675	630
193	319
7265	614
4886	431
4446	729
7435	1274
3364	1183
8342	1039
199	217
4144	1061
4948	1160
4640	1099
111	705
6965	173
6491	133
6866	1116
2292	1045
4333	1168
3625	803
5806	644
6934	892
2248	658
5870	1310
3879	404
5857	375
1139	1027
3393	438
6174	527
2122	684
4368	283
5924	869
8137	938
4774	130
3021	450
4898	130
869	1316
8178	980
8401	825
7911	450
854	598
3426	586
4978	281
6670	846
4485	71
4045	306
816	33
2848	762
5667	323
4263	691
3793	691
3071	1254
3721	161
1445	972
1280	431
5939	256
5385	1268
7056	846
6102	41
4560	624
5259	1159
8576	823
5043	678
3331	112
8694	1214
7318	631
835	1098
3014	106
3713	981
297	171
1249	661
4405	977
5502	722
4021	266
4061	378
4498	1140
7664	746
2106	626
4541	1038
6141	1095
8417	227
7679	1227
8075	738
4066	817
8519	719
1176	886
2523	1126
6828	483
3993	256
5568	1109
2398	976
4980	316
4740	316
6515	276
2863	13
5610	793
5873	1321
438	746
7924	747
6926	973
7382	33
7423	751
8306	287
8236	614
2078	1046
2224	1035
2972	630
5204	1139
1407	831
273	743
6582	61
266	354
3651	282
1227	61
2884	808
3244	679
2303	1157
5772	1137
6916	340
915	783
5267	140
2251	370
6880	123
6149	135
4522	985
3542	404
4849	652
1610	240
5399	699
2590	39
6195	892
374	963
3446	21
393	266
6239	300
2045	111
4055	450
1126	630
7647	104
2505	434
6525	139
2298	277
7735	823
8544	922
2982	983
5493	370
4287	278
6955	354
8349	1203
300	866
3003	549
286	644
6125	1127
3311	1042
267	89
3693	352
1870	391
7343	39
2257	286
4587	780
6175	72
6546	1127
7490	783
2490	106
5747	859
4436	783
2674	281
376	769
8429	156
3179	926
1447	124
4966	105
2942	606
6205	321
6158	139
4288	472
275	391
2802	1221
1616	952
8621	156
2429	673
577	1036
3325	365
7345	1118
607	495
1956	734
4112	138
8474	981
3647	850
2445	403
7720	1003
5006	72
6377	96
1916	1020
5092	1119
5979	1192
5341	277
5119	1004
2090	1003
3079	708
2744	1045
1226	1037
7653	672
5319	1046
7849	104
6837	1126
7863	614
435	558
5866	667
3608	754
6848	850
4876	70
5205	231
1552	1089
6058	276
5639	106
8113	952
6536	40
7088	689
6442	205
4087	1303
5192	192
4719	301
7126	1124
692	1060
7926	612
8296	54
2082	624
1285	38
723	1058
1069	342
3806	1057
997	838
998	276
1727	196
3571	495
946	1159
790	627
5803	278
1751	1212
3228	1054
5480	232
1311	1106
8058	957
5407	805
2246	431
6322	1219
4758	140
387	1181
3723	280
2574	808
6014	123
1838	700
2547	1244
3790	734
3679	1277
6597	378
1325	452
3600	392
391	799
4380	104
1343	725
959	1322
4014	1161
7157	431
2334	1093
1754	1163
6548	731
971	1017
4046	660
8030	521
8427	634
2167	485
4604	1045
8368	909
1104	1119
493	202
6463	450
7067	392
3639	195
3214	1242
1167	1114
5332	545
4901	543
4435	176
5577	811
2639	365
7844	655
2594	751
7652	266
943	1119
5079	320
7836	1103
685	638
6366	1288
4494	1098
6184	699
2363	826
1043	854
5897	759
7629	1106
7234	948
8194	378
6278	644
6370	909
3615	74
6836	1120
3394	33
5061	450
5181	813
2220	616
5075	718
5032	325
1576	1178
3444	632
5069	106
6201	516
237	47
4239	901
355	47
4662	450
242	983
2809	322
2785	1045
4597	1128
8649	197
4548	845
6970	614
7724	777
3483	817
7200	404
4102	855
1337	1289
4371	572
4821	782
4481	958
436	1100
638	1042
1964	1287
6193	370
3622	638
90	1163
3322	988
6883	1006
5294	436
8537	1099
4926	278
2383	1287
7207	630
844	534
1345	244
7710	1059
2510	625
1188	1201
4506	1242
7716	1175
3524	1156
1710	536
1749	1243
7506	238
4813	963
4468	963
6874	79
213	123
1207	1046
7993	294
4302	132
6962	1124
7723	298
183	948
860	593
15	3
6111	777
8589	490
394	1118
1357	1194
8492	614
6166	44
4789	530
6856	254
4285	1090
150	141
3714	390
6766	321
826	610
243	1130
5845	231
1992	142
715	898
1969	306
6824	705
4857	138
791	231
2978	133
8209	229
1773	938
7601	249
6076	450
6586	61
2838	475
6020	1221
5347	630
7637	430
5551	360
7123	1093
1584	994
2708	749
4440	41
4940	438
7287	642
6146	521
1930	322
6608	1055
5600	309
3056	755
740	840
1932	110
6785	289
531	855
5605	463
5732	32
4511	1049
8335	859
519	140
677	1069
2764	747
8252	967
4621	1264
2831	982
822	140
4216	995
3401	1194
717	474
5599	1098
7182	1059
5563	33
2539	930
4513	275
3942	679
2559	1057
3370	536
1349	633
2766	438
1533	409
3720	623
7869	1028
4132	746
7487	172
2880	861
6740	134
1109	519
829	373
2788	817
3134	1203
8207	482
5217	261
7075	113
2199	944
196	102
667	156
1383	465
5847	1099
1053	256
7255	1215
1397	755
4738	506
2231	450
8167	1161
289	870
7709	174
3376	587
1101	240
3348	1201
4108	845
7568	1046
572	714
556	1194
5633	871
4067	459
1205	1189
839	1036
2850	104
3064	728
7853	1174
5709	770
455	613
5153	722
1524	919
6531	1138
3916	754
7699	782
4528	141
5175	738
2216	450
5675	675
5735	228
982	321
6187	649
6765	818
4116	1194
3409	104
5056	1000
4373	77
8591	115
6440	496
7783	128
6868	211
8095	738
2684	614
7627	240
4483	191
1054	1318
6540	274
8438	620
255	1079
6438	818
5552	610
703	1284
3166	460
6972	1089
5796	1158
6359	1318
5247	855
4065	1155
6313	104
5093	1079
5798	948
6501	279
4934	189
6259	1159
4819	409
7040	310
2767	738
4923	1203
4081	928
8541	1227
5251	1294
6282	614
3406	447
1554	764
5394	78
2808	355
3224	1271
5432	1227
6873	164
2933	970
5651	897
906	287
2618	541
3291	129
3465	448
3514	736
6885	391
5234	192
7181	275
4888	375
6756	1170
2321	162
7136	489
4205	673
5839	123
8452	1233
122	266
1761	327
1702	450
1316	1061
564	410
6946	323
4344	166
6344	1059
4001	130
3022	1032
910	625
3881	845
1353	70
1051	289
3491	89
2339	656
1848	450
203	647
8510	976
3827	122
5545	928
2281	675
4773	41
143	1300
7446	1039
340	429
2930	320
5433	933
1134	628
3462	749
5140	272
497	928
1187	751
1431	404
6565	1126
4924	1000
4726	287
3604	958
3567	140
4310	289
5976	131
457	1254
1065	537
3308	33
4514	520
1721	631
4325	1124
5874	1037
927	377
1150	86
58	775
5830	1249
5366	321
8188	491
7613	1211
8235	925
759	1192
6075	480
8696	144
260	339
6315	703
5052	328
8208	161
3235	767
7746	671
8316	370
3517	438
8671	1194
6708	1030
7095	530
8206	450
6318	322
8305	610
5879	385
5045	358
4730	469
67	410
1592	754
8424	44
4810	1178
2597	401
5188	390
2791	404
1809	240
112	1126
3718	988
3883	823
1247	1089
5224	459
7399	181
2301	525
2951	731
566	287
1734	320
6500	33
5503	1324
6731	1036
2096	195
5130	310
337	614
1713	87
5726	1004
2038	144
6057	102
7024	700
6630	204
7137	21
8693	843
7223	208
6247	277
7321	369
7180	635
6521	283
310	61
8268	741
4963	307
367	117
5165	1239
89	704
4394	1098
3901	1217
1334	378
3772	390
2180	923
5938	1004
7925	1079
7429	1089
4772	33
5030	1197
301	64
4988	307
6048	287
400	297
5352	1308
2602	192
4135	1116
3391	465
5351	184
1651	1095
1772	1095
7045	204
6435	503
2554	33
2544	140
1166	450
1240	1288
3101	794
4925	323
1760	166
4598	769
2391	606
173	87
5275	191
3618	123
4711	495
5271	970
1762	846
6789	125
8246	33
5020	1099
8193	357
8679	409
6143	140
2842	323
1908	776
1396	392
8370	374
179	926
7743	156
5643	970
8046	369
3294	359
7398	1322
5761	370
6210	422
1544	522
3955	620
5339	1216
3174	210
3371	1140
3318	310
4867	1113
5424	488
79	1093
8454	1203
6907	1065
6395	356
4961	948
7888	46
149	380
3125	272
2498	513
2944	323
502	1035
1846	800
5549	887
1757	1116
4805	678
1752	1287
3596	589
681	711
4152	680
8676	1241
8516	773
6992	1118
7322	784
2356	679
5087	123
269	1108
8045	779
6769	644
771	450
427	450
7021	625
7276	751
4145	1038
3072	675
3637	927
147	1214
7469	725
6116	656
1673	204
1246	926
4235	266
8504	104
1395	536
4704	574
5445	507
7159	258
2546	301
3587	281
4280	1238
6722	1249
1359	544
4090	601
2627	778
3052	493
8478	1050
217	901
6968	89
3627	153
7866	357
1881	304
1034	773
7950	289
7030	40
4838	316
5476	404
8666	274
5190	21
1260	281
281	228
7753	363
8625	1059
3150	347
8205	176
535	1177
4998	429
8595	676
5435	623
7768	310
2514	1245
313	516
5715	1060
3091	289
5429	81
8216	404
1905	1157
3766	1177
1671	1089
3932	228
4419	34
2145	984
7970	854
3556	176
4049	554
4404	920
6723	35
1743	660
3597	110
2111	102
3520	502
5245	21
4433	316
7373	1266
3568	227
2484	987
2091	666
1213	227
7824	983
8460	855
8302	424
2751	144
2488	106
444	1294
5121	1139
5672	1147
1982	287
4362	614
6081	141
221	422
7178	224
4763	176
929	966
2010	782
8195	1089
1708	287
5494	1030
7120	277
1861	1002
6648	134
7297	1005
7672	610
3486	354
1506	404
4465	115
1375	572
5730	33
262	33
8573	1293
1394	414
7140	731
3481	140
7445	941
617	310
3633	853
5931	591
7956	988
8151	991
5793	431
2902	1198
4301	294
379	228
1574	515
2661	1050
7891	614
304	450
6007	813
1975	845
2683	608
4353	1194
7020	1238
144	404
317	720
3135	324
1508	536
7	1271
7118	908
6129	34
1774	420
57	402
6574	1128
7593	1171
7062	856
4470	184
1081	823
7281	527
4759	677
1677	153
5328	624
1436	196
3480	1160
1014	1221
6420	816
312	621
7173	370
670	1065
5427	229
5150	1005
7757	1125
1341	759
1747	266
1266	976
6457	108
3478	1204
8464	1062
4589	1198
6691	256
2227	1308
7975	512
1704	976
7533	1135
1421	1157
1058	1037
6004	773
2779	1229
3712	112
305	522
5896	994
8298	1126
769	887
3395	1059
8568	1168
4438	1100
4178	439
109	81
5340	81
6036	1268
7507	1189
6666	598
7224	1143
3610	842
8244	1227
1086	113
2226	195
6746	328
6754	442
6599	1114
103	196
1519	1120
8361	1238
3655	403
6244	404
3113	1235
5254	378
3417	747
7042	281
3220	845
8313	701
3951	887
7895	38
7055	553
529	1183
5176	1205
5484	1208
1950	1065
212	106
7264	104
8422	356
1303	1119
6773	1013
5585	1095
4951	443
5987	652
4885	272
7167	13
583	1313
3158	196
7039	227
3840	238
6203	636
8079	933
7085	1161
4930	993
2720	612
3282	315
1483	302
2728	51
2511	105
1656	675
2306	1124
5853	652
4074	466
2578	238
2953	484
2918	775
7538	276
7352	134
2322	404
2004	956
3031	988
6041	973
1740	1287
3335	1097
1939	85
368	887
6098	208
1288	321
2117	289
554	994
6289	709
495	660
1539	302
8602	938
4179	751
8470	823
1597	141
1931	625
8038	1279
7621	1288
5250	355
7426	404
6952	536
6453	328
5505	1061
5467	240
5489	340
1206	861
2874	1003
8229	500
1327	610
7260	684
4973	359
1391	755
7387	1227
1171	1256
4010	433
3420	381
4679	20
5482	623
2174	1141
4403	368
8249	1239
600	567
8444	286
7163	1100
6859	823
880	1109
6069	568
2467	963
3264	281
7916	196
3534	574
4025	391
5570	854
2806	645
3979	1168
6368	106
2819	370
8535	1061
3085	797
4751	1213
7531	749
4729	665
7829	1194
1564	286
4115	1227
7984	1127
657	637
7685	431
1314	845
2408	922
2197	1084
7660	375
7017	274
7583	266
891	958
3083	128
7268	614
4658	823
5559	973
3416	1231
6544	138
6183	234
2962	632
8443	139
5695	431
6991	614
415	140
996	1028
6561	128
2742	931
877	1033
799	1251
3878	185
6961	779
4879	287
4518	734
6106	357
1619	1179
5901	1090
8123	429
5062	388
2142	450
3107	1093
1548	1295
1234	697
6140	141
3586	1238
7395	440
8114	104
2770	503
1657	1079
318	1096
4105	754
8558	658
4015	1238
5179	679
2396	450
7410	775
3839	863
7117	965
3782	1096
1715	847
3927	593
627	1038
4305	621
5444	1109
5330	327
753	49
4385	1124
3493	483
7146	1247
7860	275
5645	448
7305	1180
1590	72
5569	1227
3375	266
4878	948
5743	438
3925	1030
8450	281
1089	371
6980	184
3668	976
7439	359
1580	537
2569	450
2673	446
5712	1120
6495	101
7416	196
1272	377
3816	870
8179	795
1685	600
2163	580
8108	561
4637	34
8125	574
539	1228
6410	281
3246	233
5009	134
5890	237
2893	839
764	843
8351	1002
8656	822
1093	823
6340	1222
5451	691
6676	324
7760	536
6425	1156
5698	1168
1865	320
2061	323
8421	679
6664	1271
8518	453
1083	281
4507	1205
4212	1219
5612	310
4556	439
3835	450
5591	475
2647	1013
5757	1124
3385	1235
7142	1109
3036	235
1078	287
2775	849
6826	679
8333	536
7356	275
3069	1017
3389	957
4322	161
2175	933
1115	401
3842	466
8657	196
6918	274
7881	21
2909	1125
6171	622
447	356
216	709
2181	871
7019	448
1599	238
4728	158
4195	227
2694	968
2894	1042
4092	275
5739	911
2159	610
7156	503
1092	849
7864	1089
4340	614
6211	1130
1420	450
6049	353
5206	1201
4332	1283
6276	1125
905	970
3880	802
7333	281
28	505
8623	253
1634	960
6320	1068
3865	1118
4521	118
3914	805
7933	266
4320	184
5763	199
6351	1242
6932	1126
6209	1313
2294	1113
4161	144
2922	166
2896	104
2792	158
8425	86
1379	142
5824	200
3926	1181
2426	281
3060	937
1228	1077
1958	672
5759	536
5524	991
916	1208
7158	675
7725	666
5614	823
7887	174
2745	404
1644	352
2616	281
2267	281
3204	610
2241	188
2420	780
4454	1177
6070	1313
6852	469
3576	1152
1695	855
5255	783
6100	279
1487	1142
2905	279
6788	1238
1478	323
5207	464
2963	404
2171	134
4515	749
2915	1281
361	1320
763	948
3016	1168
5273	130
3278	667
773	823
5461	173
2087	591
1197	1035
4646	1089
4725	1198
7129	139
5720	1159
1872	648
7990	185
7204	204
7964	124
6743	33
1386	822
6959	1155
3300	947
7935	782
5623	687
3189	278
6177	450
4899	1191
8223	1182
3097	296
3889	1048
3227	458
1627	656
3658	229
2223	984
4295	1268
7196	817
6392	552
3762	1282
2320	194
1211	177
2385	857
4499	652
3419	614
4563	647
532	1287
5838	404
7073	390
94	638
3659	176
6690	938
5063	256
1943	281
2888	1191
767	1026
3392	629
2221	213
7604	819
6011	1284
4553	438
780	191
5934	962
247	39
6933	1163
7811	1297
2259	40
5812	1029
4630	869
5573	1198
1072	565
4927	538
7730	661
4796	1308
3320	750
682	1242
5750	195
7400	1274
8078	267
1641	517
7858	1098
757	1069
7733	1305
2392	1103
6132	81
3314	747
3856	1293
2177	266
8121	25
8126	926
466	984
1617	614
5701	89
2462	997
4957	1282
4335	359
3643	407
3216	705
3960	863
8007	36
679	973
6439	133
8187	387
6185	256
8307	536
2989	1101
6996	962
7677	280
5128	281
6997	404
1614	195
545	1309
1137	583
6176	1314
8124	1088
8632	909
3999	803
1687	795
5120	780
6443	856
6706	572
5168	892
454	320
3675	89
7177	142
1425	31
1374	95
3614	603
2403	1284
1292	983
553	834
1836	195
6617	1241
1896	644
1756	909
7572	130
2576	845
7231	243
7612	1233
2036	630
7403	751
5008	625
4274	151
1957	636
6299	321
6336	106
1283	276
5788	1168
5884	830
3117	780
881	119
24	1130
2573	680
6897	976
2519	418
2709	127
2239	973
5704	845
2254	422
6863	311
2670	61
8155	574
1706	1050
3366	784
7421	1035
8672	12
2947	1070
6458	833
7475	873
8543	1113
4503	599
2332	253
4364	1145
7115	266
3017	959
1317	328
4038	775
646	680
2411	154
1326	166
7791	859
2069	266
2211	33
5260	872
1010	1287
6555	48
6303	281
3973	442
7152	772
7788	970
544	519
1310	1216
440	912
7103	767
5575	963
6261	281
4546	443
10	1255
4713	647
8468	314
828	1006
3067	96
2822	195
6647	887
5098	33
8557	901
8592	577
2595	273
8183	93
7477	1046
2040	653
3368	1069
6979	775
4702	390
8200	1252
3764	1124
6372	404
2676	1311
2818	1300
1059	859
1705	277
6447	404
7406	817
5693	918
793	527
6006	1140
7832	392
2132	392
1250	195
2310	272
6371	800
7175	288
6243	1249
7396	846
1632	513
852	195
7187	1227
4389	576
2913	377
7813	279
1463	1283
7431	389
6072	141
5449	103
5826	770
4814	512
8136	612
6604	135
5036	610
7850	676
5355	264
8636	642
7097	229
7388	135
2857	115
7681	1058
2060	945
2936	266
6374	322
5011	628
789	36
3129	551
1452	1037
3008	118
6825	1126
668	106
4952	4
5496	229
5616	942
4251	854
1601	855
8387	781
7390	294
7244	234
526	119
8618	391
2283	240
303	453
3591	503
7376	681
5656	563
4350	1197
1755	648
7036	411
